0
2
4
6
8
8194
8196
10246
10248
10250
10316
10254
10264
2074
2074
2076
2078
2080
2082
52
2102
2104
2106
2108
2102
3144
3146
3146
3146
11348
3158
7576
7322
7388
7198
7234
7238
7238
7180
7382
7384
7394
7396
7590
7464
7594
7596
7678
7664
7666
7668
7938
7684
7686
7688
7562
8076
7694
7696
7698
7700
7966
7976
6954
6958
6952
2858
6972
6974
6984
6986
7236
6470
6504
6506
6508
4462
4476
4478
6532
4482
4482
4484
4482
4548
4550
20872
29066
20876
20878
29072
29074
29076
29094
29128
29130
29132
30154
29134
29137
29139
29653
29655
29401
29403
29405
29423
29425
29427
29301
29303
29305
29499
29501
29503
29509
29511
29641
29643
29645
29647
21457
29651
29653
29655
29669
30631
29609
29619
29661
21471
29409
29411
29413
29687
21513
21515
23565
21519
22049
22179
21161
21195
21195
21197
21195
21201
21235
21237
21399
20889
20891
20957
20959
20961
-28557
113
123
253
254
256
259
-10219
15367
15433
15435
15453
15454
15456
15462
15468
15466
15468
15470
15484
15994
15484
15550
15624
15754
15756
16142
15632
15634
15636
15637
15703
15649
15651
15621
15623
14361
14643
14645
14645
14667
14665
14667
14669
10575
14673
14673
14675
6525
14719
14721
14723
12677
14727
12697
-20069
12701
12703
12769
12515
12773
12775
12617
12747
12623
12608
29026
29028
29035
29029
29063
29064
29067
24981
24983
25017
8635
25341
25343
24829
24801
24803
24805
24807
24681
24685
24687
24689
24690
24692
24694
24696
16506
20640
28930
28932
28951
28952
28954
29980
30107
29973
29983
29985
29989
29959
29961
30507
30525
29091
29117
29119
29121
29139
29125
29127
29135
29131
29130
29133
29135
29201
29203
29205
21047
21049
21055
21057
21083
21068
21199
21199
4817
4843
13273
13147
13149
13151
12641
12579
12581
12583
12585
12587
12589
12591
12593
12595
12629
12775
12777
12779
4589
12783
12785
12771
12981
12855
12857
12859
12861
12839
12321
12321
12323
12325
12327
13865
13875
13877
13879
13369
13411
13509
13511
13513
13771
13653
13767
13785
13787
13517
5319
21706
21708
21726
21729
21859
21861
21871
21865
20860
16767
16770
16772
16646
16648
16666
16668
16702
16464
16464
16464
16468
86
96
162
1220
198
204
206
464
210
218
844
846
846
872
875
873
876
-2202
-2232
-2230
-2228
-2226
-2224
-2222
-2188
-2186
-2184
-2182
-2308
-2206
-2204
-2202
-2184
-2182
-2180
-2178
-2176
-2174
-2172
-2170
-2168
-6258
-6256
-6238
-14924
-12314
-12296
-12294
-4100
-4098
-4096
-4094
-4028
-4026
-248
-4342
-4332
-4842
-4264
-4325
-4323
-4337
-4335
-4325
-4323
-4321
-4319
-5341
-5339
-5337
-5847
-5333
-5313
-5313
27457
27459
27461
19269
19271
20353
20163
18373
18375
18377
18379
26581
26587
26565
18951
18961
18963
18965
18967
18999
20031
28225
28227
28229
28295
28297
28297
28331
28333
28335
28309
28311
28298
11916
28294
28296
27290
27276
27278
27280
27282
27284
19102
19392
19458
19468
19470
19472
19730
19476
19478
19480
19546
19292
20318
20448
20450
20472
20298
20300
20238
20244
20422
20456
20322
20324
20326
20328
20330
20268
3438
2896
11090
11090
11092
11092
11092
11222
11224
11226
11244
11246
11184
11250
11252
11254
10872
10874
10364
10414
10928
10418
10420
10422
11456
3338
3340
3342
3856
3602
3634
3636
3694
3696
3699
3709
3711
3713
3715
3717
2703
3845
2583
2569
2587
2649
2587
2588
18972
19102
19112
19118
19120
19122
19124
20150
20120
20154
20148
20020
19990
20024
-12742
-12740
-12738
-12722
-12718
-12716
-12586
-12587
-12457
-4263
-4261
-4259
-4261
-4255
-4255
-4253
-6299
-6265
-6519
-6517
-6517
-2419
-2417
-2416
-2415
-2413
-2411
-2345
-2343
-2341
-2343
-2341
-3331
-3265
-3135
29635
-1083
-1081
-1335
-1341
-1339
31431
-1467
-1465
-5559
-5525
-5555
-5937
-22063
-22061
-22059
-22057
-22023
-22039
-22037
-22035
-22033
-22047
-22029
-22027
-17929
-22023
-22021
-22019
-5633
-22527
-22525
-22779
-22889
-23015
-22949
-23011
-22969
-22903
-22885
-22883
-18769
-18767
-18765
-18763
-18761
-18759
-18757
-18755
-18881
-19901
-19899
-19897
-19895
-19893
-28019
-28129
-28127
-28573
-27611
-27609
-27863
-27861
-27851
-28107
-28107
-28105
-28103
-28101
-28099
-27857
-27775
-31869
-27771
-28249
-28247
-28245
-28243
-28239
-28237
-28239
-28201
-28455
-28461
-28443
-28509
-28571
-28569
-28559
-28559
-28555
-28553
-27527
-28549
-28419
-28418
-28415
-20221
-20219
-20217
-20215
-20213
-20211
-20465
-20479
-20397
-20395
-20265
-20231
-5253
-131
-2177
-127
-638
-126
-60
-58
-56
-54
-22452
-6066
-5808
-5806
-5800
-5798
-5796
-5790
-5276
-5274
-5272
-5270
-5270
-5266
-5264
-5261
-5260
-5258
-5256
-5254
-5256
-5255
-13446
-13444
-13442
-13696
-13678
-12652
-13674
-13672
-13798
-5476
-5458
-5450
-5448
-5502
-5212
-5210
-5202
-5328
27186
27188
27254
27384
27262
27264
27266
27300
27302
27304
27306
27180
27182
27184
27186
27194
10812
10814
10816
10819
10821
-21937
10845
10847
10849
10851
10853
10855
10857
10875
10877
10874
10880
11266
11524
11526
11534
11528
11530
11532
11534
11536
-21229
-21244
-21097
-21095
-21093
-21091
-21089
-21343
-21085
-21337
-4889
-4891
-4889
-4887
-4469
-4987
-4985
-4983
-4981
-4979
-4977
-4975
-5101
-4971
-5033
-5029
-5029
-4899
-13217
-13215
-13469
-13467
-12443
-12569
-12559
-12549
-14079
-14333
-14313
-14327
-14325
-14323
-14577
-14575
-14573
-14571
-15081
-15079
-14949
-14943
-15197
-15195
-15193
-15191
-15189
-15187
-15313
-15311
-15053
-15051
-15018
-14988
-14986
-14984
-14982
-15012
-15074
-15066
-14936
-14918
-14916
-14850
-14840
-14838
-14836
-15090
-14952
-15078
-15076
-15074
-15072
-15070
-15070
-15068
-15030
-15028
-15026
-15280
-14950
-14948
-14946
-14888
-14904
-14390
-14644
-14562
-14576
-14574
-14588
-14586
-14520
-14582
-14552
-14550
-14550
-14560
-14558
-14556
-14554
-14552
-14550
-14548
-14546
-14544
-14542
-10444
-8394
-10468
-10306
-10303
-10301
-10299
-10281
-10271
-10257
-10255
-10249
-10247
-10245
-10245
-10244
-10241
-14303
-14301
-14299
-14297
-14295
-14277
-14275
-14241
-14207
-14205
-14203
-14201
18647
-14183
-14053
-14051
-14049
-13983
-13213
-14235
-14233
-14233
-14167
-14165
-14204
-14170
-14164
-14098
-5904
-5902
-5900
-5890
-6024
-6018
-6040
-6038
-5780
-5778
-5776
-5766
-5764
-5762
-5760
-5760
-5758
-13948
-5754
-5752
-5750
-5752
-5746
-5744
-5230
-5227
-5481
-21863
-5477
-5475
-5409
-5407
-5405
-5405
-5399
-5381
-5379
-5377
-5503
-5501
-5501
-5467
-5465
-5462
-5459
-5969
-5969
-5967
-5981
-5979
-5976
-5942
-5940
-5682
-5680
-12974
-13164
-13162
-13160
-13158
-13124
-13130
-13176
-13238
-6100
-6090
-6024
-5982
-5972
-5962
-6088
-6094
-6092
-6082
-6088
-5702
-5828
-5826
-5840
-14029
-14032
-14026
-16068
-16069
-16067
-15937
-15983
-15981
-15979
-15977
-15975
-15973
-15971
-15969
-15967
-15965
-15963
-15961
-15961
-15959
-15957
-15955
-15921
-15919
-15629
-15755
-15753
-15753
-15751
-13701
-13795
-13661
-14171
-14169
-14096
-14158
-14204
-14106
-14088
-14086
-14084
-13826
-13824
-13822
-13772
-13802
-13800
-13798
-13795
-13537
-13495
-13501
-13499
-5817
-5815
-5813
-5809
-5803
-5773
-5707
-5705
-5703
-5697
-5695
-5695
-5691
-5689
-5815
-5813
-5811
-5809
-5800
-22054
-22310
-22084
-22082
-22080
-22080
-22078
-22070
-22004
-22002
-22000
-21998
-21960
-21990
-21956
-20930
-20928
-20921
-20920
-20905
-20871
-20741
-20739
-20737
-20735
-22781
-22763
-22625
-23015
-23013
-20931
-20924
-20926
-20908
-20908
-20906
-20888
-20918
-20908
-20906
-17324
-20906
-29092
-20898
-20960
-20893
-20891
-20889
-20887
-20885
-20883
-20883
-20817
-20815
-20813
-21319
-21253
-21123
-21121
-21119
-21101
-21083
-21085
-21083
-21085
-21079
-21077
-21075
-21077
-21075
-21083
-21081
-21079
-21077
-29251
-29505
-21307
-21177
-21047
-21045
-21039
-4653
-4652
-4329
-6247
-4197
-6211
-6209
-6229
-6263
-6261
-6257
-6255
-6237
-6219
-6233
-7255
-7253
-7251
-7253
-7251
-7257
-7761
-7247
-7245
-7235
-7233
-6207
-7229
-7353
-7321
-7323
-7319
-7221
-3187
-3185
-3183
-3181
-3179
-3177
-7271
-3173
-3139
-3137
-3127
-3125
-3123
-3105
29731
25765
29861
30375
25769
25763
25773
25776
25778
25780
25782
25784
25786
25788
24764
25782
17592
17594
17596
17566
17616
17620
17366
17308
17310
16800
16882
16948
16946
17076
17078
17080
698
700
702
832
834
-31803
711
713
907
17101
17094
18136
18140
18014
18032
18034
20308
20294
19272
20234
-12532
-12536
-12530
-12528
-12522
-12518
-12508
-12490
-12488
-12502
-12500
-12498
-12496
-13520
-13518
-29900
-13546
-13543
-14053
-14055
-5857
-5855
-5853
-5835
-5837
-5315
-5825
-5695
-5693
-5691
-5689
-5687
-5941
-1907
-1809
-1839
-1805
26565
-6201
-22583
-6197
-6195
-6193
-6191
-6157
-5627
-6137
-5111
27656
27662
27665
27667
28181
27735
27737
26971
27261
26751
24713
24707
25237
24727
24721
24721
16531
16533
16535
16801
16547
16553
17067
173
175
177
179
181
183
217
219
2269
2271
2289
2293
2230
2296
2290
2292
2302
2320
2326
2328
2330
2330
2332
2334
2080
-30686
2084
1574
1560
1626
1501
1502
1992
1482
1708
1582
1580
1598
1600
1606
1544
1546
17996
17986
18004
18006
18008
18202
1876
1878
2248
2250
2381
2382
2384
2931
2933
2935
2857
2875
2941
2879
2881
2883
2885
3911
1897
1836
1902
1984
2018
4068
4038
4040
4046
4208
4210
4212
4246
4248
4250
4252
4254
4320
4290
4292
4294
4294
4288
4290
4172
4174
4176
20562
20500
20574
21592
21594
21596
21631
21617
21619
21621
21623
21625
21599
21634
21636
21638
17544
21674
21676
21678
21680
21562
21564
22078
30272
30278
30278
30296
30346
13980
30382
30416
30098
30100
30102
29848
13466
13468
13470
13472
13474
9380
9390
9376
8754
8756
9078
9072
9083
893
895
2689
2691
6789
6807
6808
6810
6844
6846
6849
6987
6989
6991
6993
6995
6997
7027
7029
7029
7031
7037
7035
7037
7084
7098
7112
7130
7162
7164
7166
7152
7154
7156
7158
7032
7066
7068
15262
15264
15264
15266
15276
15278
15278
15281
15283
15285
15287
15337
15339
15341
15341
15343
15313
15315
15349
7159
15347
31353
31339
23147
32365
31311
31314
31312
31306
31310
31308
31310
31312
31323
23149
31375
31377
27283
27285
27303
27369
27372
27342
27344
27218
27218
27476
27222
27232
27234
27236
27146
27276
27316
27382
27624
27614
27584
31970
27876
27622
27625
27627
31725
31726
31728
31614
31616
31650
31620
31687
31625
31626
31133
31663
31665
31633
31633
-1133
-1371
-1369
-1879
-2005
-2027
-1483
-1497
-1431
-1461
-1463
-1457
-1583
-1453
-1451
-1449
-1447
-1445
-1443
-1441
-1439
-1437
-1419
-1417
-1415
-1413
-1411
-1409
-1471
-1469
-1467
-9657
-9655
-9653
-9617
-9623
-9621
-9619
-9361
-9359
-9869
-9867
-9897
-9831
-9941
-9943
-9941
-9971
-8913
-9935
-11941
-9987
-14081
-14079
-14077
-14075
-14321
-14319
-14317
-14315
-14312
-14445
-14427
-14425
-14423
-14421
-6227
-14411
-14409
-14399
-15421
-15675
-15419
-15481
-15423
-15421
-15419
-15417
-15399
-15397
-15907
-15905
-15903
-15949
-15467
-15981
-15995
-15977
-15943
-15973
-16099
-16097
-16079
-16077
-16107
-16105
-15975
-15973
-15939
-15969
-15963
-15961
-15959
-15957
-15955
-15955
-16209
-14287
-16381
-15243
-15561
-15559
-15557
-16067
-16065
-16063
-16053
-16051
-16047
-16045
-16039
-16037
-16037
-16003
-16001
-15983
-15981
-15915
-15973
-15947
-15945
-15943
-16197
-7995
-7993
-7991
-16181
-1187
-5553
-6031
-6031
-6025
-1847
-6069
-8099
-8073
-8071
-8069
-8067
-6017
-5983
26787
-5979
-1881
-1879
-1877
-3923
-1873
-1871
-1869
-1863
-10021
-10021
-10019
-11041
-12063
-12061
-12059
-12057
3945
3947
3949
2927
3953
3955
3957
20327
20345
20235
20237
20237
20239
20241
20247
20384
20418
20420
20422
19528
19626
19628
19632
19634
19636
19638
19672
19674
19672
19674
19676
19678
19670
19690
19658
27884
19822
19824
17746
19780
20294
19788
19798
19792
19802
19932
19998
20128
20002
20002
20004
20070
19944
19944
19834
19836
19838
19840
19840
19840
19840
19874
19880
19882
19884
19886
19888
19888
19890
19760
19730
19860
19606
19736
19738
19868
19870
19880
19882
19884
19886
19888
19890
19892
20406
19897
19770
19772
19742
19744
19762
19732
19870
19872
17826
19876
19878
19752
19754
20268
20266
-12496
-12494
-12430
-12492
-12482
-12480
-12734
-12732
-12730
-12728
-12964
-13218
-8976
-13070
-13100
-4906
-4648
-4902
-4916
27851
-4915
-4913
-4911
27859
26837
27031
27122
27124
27190
27194
27260
27262
27264
27266
31364
27270
27272
27528
27274
27276
27278
27280
27282
27282
27288
27290
27292
27358
10976
10978
10984
10986
10993
10995
10997
10999
11009
11011
11029
11031
11065
11035
11101
11103
11117
11135
27521
11139
11141
2960
2962
2972
2982
2984
2978
2988
2734
2736
2754
2754
2756
2254
2760
2762
2652
2654
2784
2786
3812
3814
3816
3566
2036
4086
4088
4090
4092
2042
2056
2058
2061
31
33
37
16297
12203
12205
12207
10193
10003
10006
10008
10010
10012
10044
10046
10038
10064
10066
10054
10052
10054
10056
-22709
10061
10207
10079
10081
10089
10191
10189
10223
10225
10235
10229
9239
9529
9531
9485
25867
25869
25999
26033
26043
26013
26063
26065
26067
26069
26103
25913
25915
25917
25919
25921
25923
25925
25927
25929
25963
25965
25983
25857
25987
25989
25991
26001
26003
28053
32151
28057
28059
28061
28063
28061
28063
28065
28067
28069
28067
19879
19880
28138
19948
24062
20008
20002
20004
24422
24168
24170
24164
24166
24168
23930
23932
24062
24064
24082
19988
19990
19992
19866
19868
19998
20000
19970
19972
19974
20040
20042
3660
20046
20050
24148
20055
20057
20063
19937
19955
19637
19639
-13127
19643
19645
19903
19649
19651
19655
19669
19671
19545
19547
19549
19551
18529
18531
2149
2023
1897
1835
1829
1845
1847
1849
1907
1909
1915
-31107
1659
1548
1550
1552
1554
1556
1686
1816
5914
1820
1822
1824
1830
1832
1838
1840
1842
1812
1846
2360
2362
18812
18814
18820
18882
18884
18886
18888
18890
18890
18780
18766
18768
18770
18900
18646
18648
18658
18660
18662
18664
18666
18668
18638
18672
18674
18676
18678
18550
18544
19442
19452
19470
19472
23570
23572
23574
23608
22578
21909
21903
21921
17827
5541
21927
24047
24049
24051
24053
24055
24057
24059
23797
24063
24193
22147
21637
21637
21639
21643
21644
21646
21646
21648
21650
21652
21654
21656
-11110
-10996
-11249
-12271
-11245
-11243
-11249
-11211
-11209
-11207
-11205
-11201
-11199
-10525
-11291
-11209
-11207
-11205
-11203
-12225
-11151
-11181
-11179
-11177
-10919
-10861
-10851
-10857
-10855
-10853
-10847
-10877
-10811
-10809
-10807
-10773
-11797
-11795
-11797
-11591
-11572
-11570
-9520
-9518
-9516
-25898
-9512
-9494
-9475
-9474
-9408
-9406
-9396
-9402
-9400
-9398
-9396
-9394
-9396
-9906
-9888
-9886
-9752
-9750
-9748
-10066
-10096
-10062
-9164
-9162
-9156
-9158
-9160
-9190
-9188
-9186
-13280
-9182
-1020
-1018
-1016
-1014
-1012
-1009
-1007
-2029
-971
-937
-999
-997
-997
-1003
-995
-993
-990
-924
-957
-948
-946
-912
-910
-1020
-1018
-9208
-9206
-9204
-978
-976
-8846
-8844
-8842
-8840
-8838
23900
-8866
-8862
-668
-666
-664
-662
-660
-658
-528
-842
-844
-778
-567
-565
-567
-549
-563
-545
-799
-797
-17179
-17177
-17176
-17174
-17172
-17170
-17184
-17230
-17164
-17162
-17160
-17301
-17363
-17361
-17367
-17365
-17363
-17234
-16976
-17230
-17228
-17226
-17224
-17230
-17228
15546
-17252
-16994
-17119
-16989
-16987
-16985
-16975
15803
15677
15679
15745
14723
14723
14725
14727
14729
14731
14733
14735
31169
14667
15693
32095
32129
32131
32133
32136
32142
32016
32018
32080
32602
32604
32606
32736
32738
32748
31718
23528
23530
23548
23550
23424
19330
19332
19366
19368
19114
19116
19118
19112
19114
19116
16942
17008
17010
21108
21104
21108
21046
21048
16954
-11652
-10658
-10624
-10622
-10620
-10610
-10320
-27088
-27086
-26956
-26954
-26948
-26946
-26950
-26944
-26941
-26939
-26929
-26929
-26927
-26925
-26921
-26919
-26865
-26863
-26733
-26636
-26633
-28647
4125
-28626
-28608
-28606
-28604
-28602
-28600
-28598
-32440
-32438
-32406
-32402
-24212
-24212
-24082
-24208
-24206
-24206
-24204
-24202
-24072
-24070
-7812
-24160
-24158
-24148
-24146
-24144
-24138
-24104
8666
8668
8670
8676
8546
8580
24966
24716
24718
24752
24754
24820
24678
24744
25258
25324
-23858
-5424
-7470
-7592
-7458
-3359
-7710
-7711
-7709
-24075
-24081
-24079
-24317
-24283
-24317
-24251
-24249
-24247
-24237
-24235
-23721
-23719
-23717
-21667
-21665
-21919
-21917
-21819
-21881
-21879
-21877
-21875
-21873
-17775
-17741
-17739
-17737
-17751
-17749
-17748
-17746
-17744
-17870
-17740
-17738
-17736
-17734
-17732
-17730
-17728
-17713
-19723
-19593
-19847
-19841
-19587
-18561
-18559
-16509
-16491
-16745
-359
-16743
-16737
-16673
-16735
-16735
-24925
-16715
-16705
16081
-16685
-16699
-16689
-28863
-28861
-28859
-29113
-29103
-28861
-28827
-28857
-28951
-28945
-28944
-28942
-29036
-29034
-29032
-29032
-29028
-29026
-29152
3746
3780
3786
3724
3726
3984
3986
3988
8086
5912
6034
6068
1842
1844
1830
1830
1840
1826
1828
1894
1888
10090
9988
10006
10008
10010
1818
1820
1822
1828
1830
10152
1962
1964
1966
1964
1962
6060
5934
6016
6020
-26746
-26744
-26742
-26740
-26722
-26704
-26718
-26715
-27225
-20055
-28241
-28179
-28145
-27888
-27886
-27884
4894
4912
4978
4980
5110
13240
13242
12988
12996
13000
13002
13056
13122
13060
13062
13064
13066
13084
12846
12844
13098
12860
13118
13120
13138
13012
13014
13016
13018
13004
12494
12496
12498
13269
13270
13272
13592
13722
13720
13722
13736
13742
14200
14202
16252
16254
16000
11922
9860
9862
9352
9354
9356
9358
9616
9698
9572
9698
9700
9702
1512
9706
9960
9962
9966
12049
12051
12049
12051
12053
11031
11033
11059
9021
9023
9025
9027
837
9031
9033
9035
9046
9049
9051
9057
8995
9061
9063
9064
9211
9573
9479
9481
9563
9565
13663
13953
13443
13445
13447
13450
13964
13982
14000
14002
13876
13878
13880
13898
15964
15710
11520
11522
11524
11524
11656
11530
15628
11662
11664
11674
11676
11678
11680
11682
11684
11686
11688
11850
11852
11854
11840
11842
11860
9878
11800
11802
12092
12062
12064
12130
12132
12132
12158
12160
10114
10116
10146
10152
9910
9912
9946
9124
12982
12984
12986
12988
12988
12990
13248
13248
13260
13263
13201
13267
13205
13279
13265
13275
29661
29663
21473
21411
21413
21415
21417
-11349
-11347
-11345
-11343
-11341
-11339
-11337
-11335
-11461
-11458
-11456
-3262
-11710
-15804
-15802
-15799
-15797
-15715
-15697
-15695
-15695
-15435
-15673
-15679
-15669
-13587
-15633
-15631
-15629
17141
17143
17153
17171
16915
16917
16919
17049
17051
17053
16927
16929
16547
16569
16579
16581
16583
16585
26859
27345
26833
26869
26901
27415
27417
27419
27421
27421
27423
31520
19234
20260
19238
19240
19246
19256
19259
17209
17267
17269
17279
17281
21379
22437
22503
22537
22539
22541
22543
22545
20499
22549
22843
22973
22981
31211
23021
23036
23038
23040
23046
23048
23050
23060
31262
23200
23202
23204
23206
23208
23210
23212
23246
23280
-9518
-9580
-9580
-9514
-9616
-9486
-9612
-9730
-9704
-9446
-8420
-9442
-8348
-8412
-8408
-8406
-8404
-8402
-8416
-8390
-8396
-8394
-8328
-8326
-8196
-8194
-8192
-8190
-8172
-8154
-8184
-8182
-8178
-8170
-8168
-8168
-8166
-8164
-16164
-8098
-8096
-8030
-8028
-8025
-8023
-4437
-14163
-14097
-30607
-14221
-14219
-13705
-13703
-13701
-13697
-13695
-13693
19077
-13689
-13687
-13685
-13684
-13690
-13424
-13422
-13356
-12330
-12938
-12872
-12870
-12868
-12866
-12352
-12350
-12364
-12366
-12364
-12362
-12616
-12646
-12646
-12644
-12642
-12640
-12670
-12668
-14826
-14824
-14822
-14828
-14826
-14824
-14790
-14787
-14785
-14783
-14781
-14779
-14777
-14775
-14753
-14751
-14749
-15767
-15765
-15771
-15770
-15768
-15764
-15794
-16112
-15502
-16012
-15610
-15608
-15590
-15588
-15586
-15448
-15566
-15564
-15818
-15816
-15846
-15716
-15714
-15712
-15582
-15448
17354
17356
17458
17460
17590
19640
19642
19652
19654
19528
-13189
19580
-13058
19713
20098
20100
19970
19970
19972
19976
19978
19468
19566
19312
19314
19316
19454
3104
20018
20024
20026
20028
20014
20032
20034
20036
20036
19974
19976
19982
19986
19986
20117
20182
20184
20186
20188
20222
20228
20226
20268
20270
20272
1506
-31252
-14866
-31248
-31246
-31212
-31082
-31080
-31046
-30980
-30850
-30976
-31486
-31484
-31482
-31480
-31478
-31476
-31474
-31468
-31470
-31436
-31450
-31448
-31446
-31436
-31434
-31432
-31429
-31483
-31485
-31479
-31717
-31425
-31433
-31423
-31421
-31421
-31419
-31353
-31479
-31479
-31473
-31471
-31469
-31463
-31461
-31459
-27361
-27359
-27357
-27355
-10973
-10973
-11003
-10489
-10455
-10453
-10451
-10449
-10446
-10444
-10442
-10376
-26758
-15398
-15680
-15662
-15660
-15778
-15752
-15750
-16260
-16258
-16256
-16256
-16254
-16508
14214
14280
14282
6092
6098
6100
6118
5996
5998
5752
5626
5884
5486
5216
5218
5220
5222
5224
5224
5226
5740
5758
5764
5766
5704
5834
5852
5854
6112
6118
6120
6091
6125
6135
6136
6906
6780
6798
2704
2706
2708
2614
2616
2106
2492
2494
2496
2498
2498
2500
18886
18889
18890
18892
18934
18936
18936
18944
19010
19012
27534
27528
27530
19340
27534
-5232
27542
27544
27626
27628
27630
27632
25491
27549
27551
27557
27431
27433
27435
27437
27439
27441
27443
25397
25399
25401
26459
25437
25183
25441
25451
25453
25459
25461
25495
25497
25499
25533
25567
25569
25571
25573
25575
25577
25579
25581
26223
25713
25715
27637
25079
25081
25083
25085
25595
24577
24579
8197
8199
8201
8203
8205
8205
8207
8209
8211
8245
8215
8217
8217
8253
8223
8273
8259
8389
9675
8645
25039
25057
25059
25077
25111
25241
25247
25253
25255
25259
25261
25263
25265
26291
26309
26311
26185
26191
28241
28179
28277
28283
28333
28335
28305
28336
28340
28342
28344
28426
28556
28550
26520
26394
26420
26406
26408
26542
10032
10034
9780
9846
9848
9850
9850
10140
10142
10144
10146
10144
9892
11942
11818
12012
11470
12000
11970
11980
11982
11760
11762
11764
11735
11768
11642
11770
10740
27110
27128
27130
27132
27130
27044
27046
27032
27578
27064
27066
27068
26686
26654
26648
26650
26652
26914
26948
26958
26900
26898
26902
26920
26922
26924
26926
27436
26926
26928
26674
26676
26687
26689
26627
26901
26935
26913
26915
27045
27047
27081
27115
27125
27127
27265
27139
-5587
27087
27089
27099
27101
27087
28129
27123
27125
27127
-5639
-4614
-4612
-4674
-4352
-2782
-3292
-3290
-3288
-3286
29484
-3282
-3248
-3214
-3084
-3274
-3208
-3462
-3462
-3524
-3521
12737
12743
12743
12745
12747
12749
8687
13809
12787
12789
12799
12353
12867
12357
12871
12879
12881
12883
13206
12696
12698
12700
12702
13728
12586
4396
-28370
4368
4434
4436
4438
4440
4474
4476
4470
4464
4466
4468
4470
12728
12730
12732
12774
12772
12791
12777
12779
13077
12823
14873
-17893
-16867
-17889
-17890
-17896
-17698
-17696
-16670
-24860
-25370
-25376
-25374
-25372
-25370
-25240
-25234
-25232
-25230
-25228
-25226
-25224
-25221
-25219
-25217
-25215
-25213
-26203
-26202
-26199
-26197
-26323
-26321
-28367
-28361
-28357
-28355
-11969
-11967
-11965
-11963
-11965
-11963
-3769
-11959
-10933
-10931
-10929
-10735
-10733
-2539
-2536
-2542
-2542
-2540
-2538
-2536
-2470
-2532
-2532
-2522
-2520
-2502
-2500
-2498
-2512
-2528
-2524
-2514
-2520
-2518
-2516
-2450
-18831
-18829
-18827
-27013
-27107
-26913
-26911
-26909
-26909
-26907
-26905
-26904
-28118
-28116
-28114
-28104
-27866
-28118
-27094
-27092
5678
5696
5762
5828
1734
9960
1778
3828
3830
3448
3458
3461
3463
3465
3467
3597
3599
3605
3607
3609
3611
3105
3235
2213
2231
2241
-30525
2277
1007
1007
1009
1011
1013
9207
9209
9211
9341
9350
9360
9490
1300
1302
1304
1282
1316
1446
1448
1450
1580
1070
940
822
824
570
540
566
568
574
576
582
584
586
588
463
465
465
475
477
479
225
227
-12315
-28697
-28691
-24593
-29711
-31757
1013
1015
1017
1019
1021
767
773
791
809
811
801
817
823
825
827
829
799
823
17193
17195
17205
17215
17217
17219
17221
17223
17225
17227
589
16975
17105
17107
17117
17119
17121
17379
17253
16935
16937
16939
25133
16943
16945
19123
19127
19121
19123
19125
23223
23233
23235
22981
19399
19337
19355
27541
27543
27537
31507
31637
31671
31673
31707
31709
31719
31721
31723
31334
29352
31466
31356
30846
30848
30850
30852
-1914
-1912
-1910
-1908
-1910
-2032
-2030
-1772
-17386
-17384
-17126
-17124
-17122
-736
-734
-732
-730
-216
-214
-220
-250
-248
-230
-244
-16626
-18672
-18670
-18668
-18666
-18664
-18662
-18476
-18466
-18464
-18458
-18460
-18442
-18440
-18453
-18515
-18513
-18511
-18509
-18507
-19529
-19523
-19525
-19523
-19521
-19649
-19647
-19645
-19635
-19637
-19635
-19633
-19631
-19501
-19499
-19489
-19999
-19005
-18971
-19097
-19095
-19221
-18227
-18225
-18223
-19501
-18475
-18441
-18471
-18469
-26659
-26665
-26663
-26661
-26659
-26649
-26647
-26640
-26638
-26892
-26890
-26888
-26886
-26884
-26882
-26880
-26877
-26875
-26873
-24807
-24797
-24667
7847
7725
7727
7723
7697
7731
7733
7735
6713
7739
7741
7739
7757
7747
7747
7750
7752
7754
7756
7758
6740
7798
5816
5818
5816
5690
5694
5720
5722
5724
5726
5728
5858
5864
5866
5872
5874
5844
5878
5880
22266
21244
21246
21248
-11518
-11516
-11514
-10488
-11494
-11396
-11391
-11390
-11384
-11378
-11380
21006
-11503
-11501
-11499
-11497
21337
-11429
-11427
-11425
-11423
-11420
-11418
-11418
-11416
-11414
-10388
-10338
-10336
-8222
-8220
-8218
-12311
-8725
-8723
-8721
-8719
-8717
-8715
-8715
-8720
-8718
-8716
-8712
-8709
-8709
-8683
-8569
-8503
-8501
-8499
-8497
-9007
-9005
-9003
-9001
-9063
-9061
-9031
-8909
-25291
-25289
-25303
-25301
-25299
-25301
-25155
-25153
-25151
-25145
-25145
-25143
-25141
-25139
-25121
-25119
-25245
-25227
7287
7289
7307
7309
3215
3217
19603
3093
3094
3160
3138
3164
3166
3160
3178
3192
3202
2180
2438
2184
2186
2188
1934
1668
1694
1689
1179
1693
1583
1729
1763
18149
22439
22441
22443
22449
22451
22453
30629
30647
14273
30691
30661
30661
30665
32715
32717
28615
28619
28397
28271
28273
28275
28277
28287
28321
28327
28345
28331
28397
28415
28400
28403
28405
28400
20210
20212
20214
20212
20214
20184
20218
20220
20222
20226
20224
20354
20100
20126
20128
20130
20132
20134
20138
20218
20156
20158
20160
20186
20188
20062
20068
20066
20002
20076
20334
20336
20338
20468
20342
20344
20346
20348
20478
20512
20514
21028
20518
20536
20602
20540
4158
4208
4098
4100
4102
4168
4106
4236
6286
6288
6290
6292
6358
6349
6468
6506
6444
6958
6960
-25806
-23596
-23594
-24360
-22038
-22036
-22034
-21008
-21126
-21124
-4738
-21376
-21498
-21368
-22486
-24534
-24524
-24522
-24552
-24514
-24544
-24798
-28892
-28892
3878
7976
3882
20268
20334
20276
20279
20344
20346
20348
20350
20352
20354
20356
20422
20360
20426
20420
20462
20464
20466
16429
20527
20533
20535
20537
20545
20549
20559
20561
21075
20569
20575
20573
20575
20577
20577
20579
20597
20727
21753
21755
21789
-10977
21809
21799
21929
21803
22317
21811
21557
21559
29753
21611
21581
21583
21585
21591
21593
21595
21613
21614
21616
21874
21876
21886
21888
21894
21896
22058
22060
29998
21552
21554
30260
30262
30264
30266
30332
30310
30308
30350
30217
25611
29709
29839
29841
29843
29845
25767
29865
29871
29881
29875
21685
21687
5289
5547
5549
5551
7601
6577
7611
7613
7615
7617
7649
5357
7279
7409
7539
7669
7703
7765
7775
7777
7780
7782
8040
8042
7020
6958
7264
7522
7268
7286
7289
7289
7291
7293
7295
7809
7299
7301
7311
7313
7315
23733
23735
23737
23739
23741
23759
23765
23763
23893
24023
24025
23963
23965
23967
23969
23971
23861
23871
23881
23627
23965
23967
23937
32163
32165
31909
31975
31985
32019
32022
32024
32010
32012
32134
15400
15370
15372
15374
15376
15410
15412
15414
15416
15386
15388
15518
15520
15554
15556
15558
15560
15566
15568
15570
15572
15574
15572
15574
15592
15340
-17554
11120
10874
11132
11362
25702
1128
1146
1132
1138
1152
1154
1220
1230
1230
216
1234
732
990
984
990
992
994
996
1126
1128
1098
1101
1103
1169
-31592
-23398
-23524
-23522
-7008
-7126
-7112
-6853
-6979
-6961
-7215
-7469
-7211
-7209
-7143
-7141
-7139
-7139
-7009
-7007
-7005
-14935
-6229
-6226
-6224
-6224
-6222
-6220
-6090
-6088
26842
26844
30942
26848
26850
26788
26790
26920
26666
26668
26638
30768
26674
26676
25718
25720
25722
25980
28030
10752
27138
10756
2564
3590
2568
2570
2588
2206
2208
2226
2292
2294
2288
2494
2368
2498
2500
2503
2504
10706
2516
3030
19416
19420
19430
19432
17410
17412
17414
17416
17418
17412
17422
17424
17424
17426
17428
17430
17560
17562
17564
17630
17572
21664
21666
29860
21686
21688
21694
21688
21690
21948
21823
21856
21570
21836
21838
21842
17746
21844
21846
21784
21850
21852
21887
21857
21859
21945
21951
21907
21917
21759
21569
21827
21829
21829
21831
21833
21851
21857
21859
21861
21863
21761
22273
22275
18181
18183
18057
18051
18067
18005
18327
18361
18363
18369
18371
18373
18471
18473
18475
18493
18503
18505
19051
18525
18527
18529
18547
18533
18543
18657
18627
18637
18641
19154
19188
19198
19200
19202
19204
20262
20264
20394
20268
19254
19254
18480
18546
18612
19126
18616
18619
18489
16507
18557
2175
19593
18573
18575
18577
18579
16533
16535
16553
16555
16557
16559
16561
20659
20645
20647
20649
20651
20653
20655
20529
20535
20541
20543
20545
20611
20485
20501
20487
20489
21003
21005
21007
23057
23059
23093
23095
23105
23107
23109
23239
23241
19147
19149
19149
2767
2770
6868
6870
6872
6874
6881
6370
6500
6502
6504
2410
2412
6526
368
2418
372
374
376
2426
1348
5446
5528
5528
4506
5916
5662
5408
5410
5412
5382
5385
5387
5389
5383
5385
7435
7501
7503
6225
6259
6261
6271
6289
6291
6289
6295
14489
6283
6309
6279
6281
6027
6029
6023
6025
7947
5917
5898
5901
5967
1857
1875
1877
1879
2007
1881
859
893
895
897
899
4997
5007
5041
5043
4757
5783
4761
4763
4765
4767
4769
4771
12969
12971
12989
12989
12991
13001
13003
13037
13199
12961
-19933
-19931
-17881
-17879
-17877
-17907
-17905
-17903
-17885
-17875
-17625
-17615
-17613
-17611
-17609
-17607
-16565
-17595
-17593
-17595
-17553
-17551
-17549
-17547
-17545
-17607
-17605
-17603
-18113
-17983
-17917
-17403
-17405
-17395
-17265
-17265
-17231
-18253
-17227
-17161
-17223
-17221
-17219
-17217
-17199
-17198
-17196
-17066
-17064
-16934
-17060
-17058
-21408
-17310
-17300
-17242
-17240
-17238
-17236
-17234
-17232
-17230
-17228
-17226
-17224
-17222
-17252
-17250
-608
-590
-732
-732
-734
-668
-700
-666
-704
-686
-652
-646
-516
-514
-512
-254
-492
-4586
-456
-422
-356
-354
-352
-382
-380
-378
-376
-374
-502
-502
-500
-498
-496
-494
-492
-490
-488
-2534
-18916
-2530
-2528
-2526
-2524
-2522
-2520
-2580
-2706
-2706
-2696
-2717
-2843
-2841
-2055
-3073
-2991
-3005
-3003
-3001
-2743
-2933
-2931
-2929
-3055
-2669
-11051
-2921
-2919
-2917
-2915
-2913
-2911
-2908
-2906
-3160
-3414
-3412
-3410
-3504
-3374
-3372
-3370
-3368
-3366
-3364
-3330
-3362
-3360
-3354
-3352
-3350
-3348
-3346
-3344
-3310
-3276
-3274
-3264
-2206
-3224
-3218
-3216
-3216
-3214
-3208
-3206
-3204
-3202
-3200
-3130
-3128
-3118
-3116
-3114
-2088
-2086
-2086
-2100
-2162
-2304
-2302
-2300
-6394
-6392
-6390
-6392
-6374
-6390
-6398
-6396
-6394
-6392
-6390
-6388
-6370
-6360
-6366
-6348
-6346
-6344
-6342
-6340
-6338
-6370
-6400
-6205
-6707
-6161
-6159
-6157
-6153
-2055
-6149
-6285
-6155
-5833
-5833
-5319
-5319
-5333
-5279
-5509
-5383
-5381
-21891
-5505
-5503
-5629
-5595
-5593
-5463
-5461
-5395
-5458
-5392
-5390
-5388
-5386
-5388
-5384
-5382
-5380
-5370
-5352
-5346
27168
27170
27168
26662
27168
27170
27172
27178
27212
27214
27216
27218
27348
27222
27224
26970
31068
26974
26976
26978
26982
26984
26986
26988
26990
26992
26738
24700
24710
24712
24762
24762
24764
24764
24766
24776
24714
24812
24686
24640
24650
24652
24782
24016
24554
24428
20398
20530
22580
22582
23480
23546
23484
23470
23440
23442
23476
23474
23484
23506
23512
23506
23508
21462
23544
23826
23364
23110
23112
23114
23117
23118
23128
23130
23132
23162
23068
23198
23200
23222
23224
23226
23228
23230
14976
14342
12296
12298
12304
12307
13429
13431
13690
13340
13486
13480
13482
13548
13486
13488
13490
13508
14022
14024
14282
14284
14286
14288
14294
14292
13782
13784
13786
13852
13854
13856
13874
30273
30273
30275
30309
30287
30286
30288
30322
30296
30560
30434
30436
30454
30456
30458
30450
30332
30334
30336
26242
26260
26260
26262
26264
26266
26268
26270
9888
9890
11956
9910
9913
9882
9916
9914
9916
9920
9930
9420
9414
9432
9950
9440
9442
9444
1256
1274
1284
1292
1422
1296
1426
1428
1430
1462
1464
1466
1464
1970
1940
1942
-30824
-30822
-30804
-30804
-30806
-30800
-14350
-14892
-15018
-6824
-6758
-6756
-6754
-6752
26016
26018
25888
25922
24836
25862
25864
25866
25868
17678
25744
25490
24852
25238
8760
29242
25148
25150
25216
25218
25220
25230
25232
25234
25330
25316
26342
26342
25320
25322
25324
25326
25456
25458
25076
29174
29176
29242
29244
29246
29248
29250
29268
28886
28888
28890
28892
28890
28876
28878
28880
28882
28884
28886
28888
28894
28896
29798
28776
13418
13436
13438
13441
13451
13453
13471
13471
13729
13795
15849
13803
13805
-23057
9713
9715
9781
8759
9785
9771
9773
13871
13872
13875
30277
13893
13895
13897
13899
13901
13919
13921
13923
14115
13861
13927
13929
13935
13934
13937
13939
13937
13873
13875
26165
30263
26199
26201
25179
25181
25183
25183
25179
25181
24919
24959
24961
27011
27077
27111
26877
27119
27089
27091
25045
8695
8664
8664
9690
11612
11614
11744
11746
11748
11766
11768
12154
11760
11760
11778
11972
11974
11976
12002
12004
12014
12000
12014
10992
8850
10932
10902
10902
10904
10906
10908
10886
10888
10890
10892
10958
10953
10473
10541
10543
10553
10555
-22211
-22209
-22149
-22019
-22113
-18271
-22365
-22235
-22201
-22183
-22437
-22371
-22305
-22299
-22297
-22295
-22293
-22299
-22297
-21271
-22290
-22288
-5894
-20740
-20834
-20832
-20830
-21338
-21304
-21270
-21268
-21266
-21266
-21256
-21256
-21253
-21251
-21253
-21507
-21777
-21759
-21757
-22267
-22505
-22511
-22501
-22499
-22505
-22439
-17317
-17315
-17057
-17311
-17309
-17339
-19369
-19431
-19365
-19361
-20385
-18399
-32541
-16153
-16151
-16149
-16147
-15893
-15891
-13777
-13777
-13771
-13776
-13894
-13891
-13909
-13929
-13911
-13909
-13843
-13841
-13839
-13853
-13835
-13769
-13767
-13765
-13763
-13761
-13759
-5565
-13725
-13747
-13749
-13491
-15537
-13455
-15501
-15499
-15497
-16003
-16001
-16255
-15997
-15995
-15977
-15991
-15989
-15983
-14957
-15075
-15057
-15047
-15045
-15043
-15049
-15039
-15039
-15035
-15035
-15033
-15031
-14897
-15022
-14956
-14953
-14952
-14950
-14948
-14914
-14944
-15070
-15068
-15065
-14963
-15218
-14928
-14926
17844
-14922
-15176
-15169
-15167
-15165
-15147
-15147
-15145
-15143
-15141
-15139
-15073
-14943
-14941
-14971
-14969
-14967
-14965
-15219
-15217
-15215
-15357
-15099
-15097
-15095
-16119
-16117
-16117
-16115
-16049
-16047
-16047
-16037
-16035
-32417
-32671
355
357
359
113
379
381
123
141
143
145
147
149
151
345
347
349
95
-31
-29
-27
-25
-15
-13
-11
-8201
-10249
-10243
-2561
-2561
-2113
-2113
-2119
-2125
-2115
-7293
-3163
-19545
-3159
-2133
-3409
-3411
-3345
-3407
-3277
-3279
-3275
-3273
-3271
-3269
-3271
-3269
-3139
-3745
-4015
-4013
-4011
-3977
-3911
-3909
-3907
-4033
-3839
-3837
-3835
-7929
-7935
-8181
-7955
-7953
-7950
-7948
-7946
-7944
-7942
-7940
-7746
-7680
-7678
-7676
-7674
-7544
-7542
-7540
-7538
-7532
-7530
-7528
-7462
-7172
-7194
-7287
-7278
-7276
-7290
-15476
-15474
-31984
-31950
-30844
-30834
-22640
-30830
-30824
-26853
-26851
-26727
-26677
-26645
-27675
-27673
-27607
-28597
-28467
-32561
209
219
2013
1023
1027
1024
1030
1032
-31734
-31732
-31220
-31472
-31438
-31440
-31436
-31402
-31288
-31270
-23076
-23138
-23008
-23006
-23004
-23002
-23000
-22998
-22996
-22930
-22928
-22794
-22536
-22853
-22787
-22785
-20735
-22783
-22717
-22843
-22841
-22833
-22839
-22837
-22899
-22889
-22823
-22821
-22823
-22823
-23221
-23219
-19121
-19119
-19117
-19047
-19174
-19171
-19169
-19135
-19133
-19131
-19125
-19123
-19121
-19123
-19121
-19119
-18989
-18983
-18981
-18978
13792
13794
13668
13542
13544
13546
14060
13550
13552
13558
13576
13578
12556
12558
12688
12690
12724
12692
12694
12696
12698
12444
12474
12477
12479
12513
12515
12525
12527
12529
12439
14489
14491
14494
14494
14496
14498
14500
14510
14502
-18266
14504
14562
14532
14534
14540
14534
14536
14554
14564
14566
14568
14570
13804
14062
14128
13938
13948
13942
13944
14170
14168
13914
13916
12892
12894
12896
12898
12900
12902
31336
29290
29284
29294
12912
29298
29300
29302
29368
29338
29468
29598
29574
29340
29342
29344
29363
29363
31411
-315
-317
-315
-315
-4281
-184
-308
-622
-108
-78
-76
-76
-74
-68
-66
-64
-46
-20
-274
-280
-278
-260
-386
-512
-510
-500
-498
-512
-510
-508
-490
-482
-488
-486
-388
-382
-380
-370
-344
-342
-339
-337
-351
-347
-329
-327
-869
-259
-257
-767
-733
-535
-533
-531
-529
-527
-525
-523
-521
-111
-125
-124
-122
-248
-246
-244
-242
-192
-1214
-124
-122
-112
32658
32668
32670
32672
32162
32164
32038
32040
32042
32044
32050
32052
31030
32056
32056
32140
32138
32156
32158
32224
32162
31780
31783
31977
31979
31981
31979
31981
31775
31777
31779
31269
14887
6697
6699
6701
6831
6705
6707
6711
6713
6235
6753
6691
4645
6695
6712
6712
6684
6606
6608
6614
6608
6610
6612
6615
6601
6603
6621
6613
6487
6489
6491
-26531
-25377
-25375
-25501
-25239
-25301
-25299
-25297
-17103
-17101
-17095
-17093
-17027
-17025
-17007
-17021
-17019
-16987
-16985
-16983
-16973
-16971
-16970
-21064
-21061
-21075
-21073
-21055
-21049
11721
11722
11716
28103
27857
11479
11477
11479
11481
11483
11481
11485
11487
11479
11463
11465
11467
11469
11503
11489
11491
11492
15590
11500
-21010
11440
11443
11452
11518
11280
11282
11316
11383
11385
11419
11453
11407
11409
11287
11801
11547
11549
11555
11557
11575
11545
11643
11325
11583
11585
11587
11589
11587
11337
11331
11333
11335
15401
13403
13389
13391
13393
13427
5237
13431
13435
13435
15485
13439
13537
15523
15413
15573
15385
15459
15461
15463
15465
15475
15485
15479
15481
15483
15485
15487
15425
7171
15365
11271
15370
15372
15374
15648
15650
15652
15655
15657
15403
15401
15403
15421
15425
15427
15173
15175
15305
15307
15309
15311
15313
15315
15317
15319
31705
31707
31709
31583
31713
31714
32676
32484
32503
32505
32539
32541
30495
30481
30483
30517
30519
30521
30523
30653
30547
30549
30503
30535
30473
29962
30477
30479
30481
30515
30524
30014
30048
32066
30024
30026
30028
30034
30044
13662
30196
30070
30072
30138
30138
32220
30174
30145
30275
30341
30343
30345
30379
30477
30479
30481
30481
30483
30483
30545
30615
28697
31259
31261
31263
31297
31299
31301
31303
31305
31307
31309
31327
31329
31347
31349
31351
30776
30778
30780
30782
30800
-1966
30804
30838
30840
30842
31868
30814
30844
30910
30912
30850
31108
31108
31110
31240
31243
31273
31275
31277
31295
31297
31331
31333
31081
31083
31093
31095
31103
31169
31171
31173
31191
31177
31179
31181
31183
31185
31187
31197
31199
31201
31203
27109
27127
27065
27065
27067
27069
27083
27077
25027
25027
25032
25067
25069
24815
24817
24819
24821
24823
24889
25019
25021
24855
24857
25371
25357
24863
24873
24867
24740
8358
8360
12970
12972
12974
12976
12994
12996
12998
12936
13002
13004
13006
13264
13010
13016
13018
13020
13042
13044
12918
12920
12922
12988
4818
4820
4822
4824
5078
5108
5110
4984
5054
5116
6910
7194
7200
7203
7237
7239
7241
7243
7245
5231
5233
5747
6101
5975
5977
6011
6101
22503
22521
22267
22173
22271
22401
22275
22277
22279
22283
22293
22303
23665
22595
18501
18503
18505
18511
2193
2211
2213
2215
2217
19131
19229
19231
19233
19235
19237
19243
19237
19239
19241
19259
19261
19263
19265
19267
19269
19271
19273
19279
19217
19283
19285
19287
19314
19316
19316
19318
19320
19322
19324
19326
19332
19334
19336
19082
19340
19342
19400
19402
19404
19406
19408
19410
19410
19412
-13354
-13348
-12314
-12312
-12310
-12308
-12294
-12292
-12674
-12672
-12670
20100
17990
17992
17992
17554
17556
17590
17560
17562
17692
-15076
-15074
-15064
-15054
-15052
-15050
-15048
-15021
-15023
-15021
-15019
-15081
-15079
-16101
-16035
-16033
-15968
-15966
-15900
-16186
-16183
-16182
-16180
-16034
-16032
-7838
-16020
-16018
-16016
-16270
-12172
-12146
-12152
-16230
-16100
-16098
-16032
-16030
-7748
-7778
-7752
-5702
-5700
-4674
-4674
-4672
-4670
-4667
-4657
-7215
-5293
-5291
-5289
-5415
-5125
-5123
-5125
-4227
-4225
-4223
-4223
-4193
-4191
-4181
-4179
-4177
-4183
-4181
-4179
-4313
-4299
-4297
-4335
-4269
-4271
-4265
-4103
-6017
-6011
-6097
-5839
-5837
-5835
-5833
-1679
-5765
-5759
-5677
-5547
-5545
-5607
-5575
-5573
-5573
-5507
-5506
-5506
-5471
-5469
-5467
-5465
-1367
-1365
-1323
-1321
-1303
-1301
-1299
-1809
-1487
-1485
-1483
-1481
-1495
-1477
-1467
-1465
-1463
-1461
-3755
-3747
-3745
-3743
-3743
-3739
-3737
-3671
-3925
-3923
-3921
-3919
-3949
-3915
-3881
-3891
-3889
-4015
-4013
-4011
-4025
-4023
-4021
-4019
-4017
-4015
-4009
-3975
-4061
-4027
-3897
-3895
-3893
-3893
-3891
29391
-3887
-4013
-3978
28824
28827
28821
28759
28921
28923
28925
30975
28993
28995
29125
30151
28873
28875
28941
28983
28985
28979
29029
28995
24905
24907
26955
24909
24910
24912
24912
24917
24919
24921
24923
24925
29021
24925
28703
28713
28715
28973
28967
29049
-3781
28989
29007
29009
29019
29021
29021
-3759
29011
29013
29527
29531
21339
21333
21335
21337
21275
21317
21327
21329
21331
21333
21335
21273
21275
17181
17183
17057
17059
17061
17063
17061
-15703
-15701
-14675
-14929
-14927
-31305
-31303
-31809
-31808
-31806
-31790
-31784
-31782
-31748
-31794
-31792
-31790
-31788
-31770
-31768
-31750
-27652
-27650
-27648
-28670
-28636
-28634
-28632
-12242
-28626
-28624
-27974
-27952
-28014
-28016
-19834
-19808
-19806
-19836
-19802
-19800
-19798
-19796
-19713
-19711
-19677
-19675
-19673
-3317
-3283
-3281
-3279
-3277
-3275
-3277
-3235
-3317
-3315
-3313
-3307
-3273
-3207
-3469
-19851
-3449
-3447
-3445
-3443
-3441
-3439
-3405
-3435
-3561
-1511
-3557
-1509
-3555
-3553
-3551
-3549
-3483
-3449
-3431
-3429
-3427
-3425
-3423
-3421
-3419
-3417
-3415
-3413
-3347
-3345
-3343
-19661
-19659
-18633
13113
-19653
-19659
-27845
-27847
-19649
-27839
-27837
-19645
-27827
-27825
-28079
-28077
-28075
-28073
-28071
-28067
-28065
-27727
-27973
-27971
-27971
-27969
-27967
-28029
-32123
-32113
-32113
-32111
-32109
-32075
-32077
-32068
-32066
-32048
-32046
-32036
-32026
-32024
-32022
-32018
-32018
-32014
-32010
-32136
-27910
-30884
-30754
-30608
-30094
-30091
-30121
-29991
-28957
-28955
-28953
-29207
-29461
-29459
-29457
-29455
-29445
-31411
-29617
-29607
-29621
-29619
-29441
-29567
-30335
-29819
-29817
-29813
-29813
-29747
-29745
-29743
-29741
-29739
-29869
-29739
-29865
-29831
-29861
-29828
-29810
-13424
-30062
-31852
-31850
-31848
-31846
-31844
-15458
-31842
-31848
-31830
-32084
-32082
-32076
-32066
-32064
-32062
-32060
582
-23992
-23990
-23992
-24246
-7924
-7858
-7852
-7849
-7845
-7847
-7813
-8067
-7041
-7047
-7045
-7147
-7137
-7137
-7135
-7133
-7131
-7131
-7087
-7085
-7083
-7081
-7061
-7059
-7041
25713
-7053
-7115
-7113
-3015
-7109
-7105
-6591
-6589
-4523
-4521
-4519
-4513
-4511
-4957
-4947
-4685
-4651
-4665
-4631
-4629
-4627
-4625
-4623
-4621
-4619
-4617
-4615
-4101
-4099
-4357
-4355
-4353
-4483
-4225
-4223
-12397
-14059
-14057
-14055
-14053
-14051
-14049
-14047
-14045
-14043
18727
-14039
-14037
-13907
-13905
-13903
-13901
-13901
18869
19897
19899
19965
19967
19969
19987
20245
20247
20249
20249
20259
20261
20263
20265
17979
17981
17983
17985
17987
17989
17991
17999
19299
19309
19311
19233
20259
20261
20239
20277
19238
19257
19275
19277
17175
18377
18377
18379
18411
18416
18419
22515
22014
22526
22528
22530
22532
22662
22536
25802
26060
26062
26072
26066
25650
21076
21078
16984
16986
16988
16735
16705
16499
16501
16503
16441
16507
16641
16775
17865
16875
16845
16599
16601
16603
16477
16479
16481
16483
16485
16487
16489
16495
16497
16563
16627
16629
16663
16729
16735
16737
16743
16745
16747
16749
16751
16737
16459
16749
16751
16497
16627
16887
16865
16867
16869
16871
16877
16879
16881
16851
16853
16856
16858
16860
16862
21472
16866
16962
17092
17094
16616
16587
16589
16848
16854
16856
16858
16893
16895
17285
25351
25385
25515
25517
17327
17329
17331
17333
17335
17337
17343
17089
17155
17157
17159
17161
16655
17169
17173
-7393
-7391
-6365
-7387
-7385
-7383
-7285
-7283
-7281
-7279
-7277
-7403
-7403
-7401
-7335
-5293
-3179
-3177
-3431
-3181
-3435
-7529
-1247
-1225
-1217
-1089
-95
-4179
-4187
-12377
-12375
-12373
-12371
-12497
-12366
-12332
-4138
-12328
-12324
-12386
-12384
-12382
-12380
-12380
-13401
-12375
-12373
-12371
-12305
-12319
-12429
-12427
-12425
-12417
-12931
-12853
-12851
-12849
-12847
-12813
19893
20413
20545
20626
20948
20882
20950
21142
21152
21154
20900
21410
21476
21486
21488
21506
21509
21798
21768
21770
17688
17688
17690
17692
17694
16676
16676
16678
16688
16674
16692
16697
16700
16766
16768
16514
16284
16278
16154
16154
16156
16158
16160
16226
16228
15734
15736
15802
15868
15790
15536
15602
11476
11486
11488
11490
11492
11494
11497
12011
11757
11503
11505
11507
-21259
11642
11580
11326
11904
12162
11909
11975
11977
11979
11917
11935
11937
11939
11909
11783
11785
11787
11789
26127
26121
26123
26125
30255
30269
30335
30337
30339
30341
30535
30537
30539
32587
30285
30159
30161
30163
30165
30167
30173
30175
30177
30179
30181
30191
21993
22507
30189
21999
17905
17907
19925
17847
16573
17695
17713
17787
17917
17919
17921
17923
17413
17415
17417
17419
17421
17423
17425
17427
17429
17429
17463
17433
17467
17469
17439
17441
17443
17509
17767
17513
17515
17513
17519
17521
17531
17533
17455
17585
17587
17588
17592
17594
18700
18446
18448
18578
18580
26902
26904
26906
26908
26910
27040
27042
27046
26920
27050
27052
27054
27952
27954
27956
28086
28088
28090
27964
27964
27966
27968
27974
27976
27986
28036
27978
25932
27982
27984
27994
27996
28030
11648
11778
11780
11782
28174
11920
32018
32020
32040
32042
32044
32078
15696
32066
32068
32074
32068
31942
32200
32202
32204
-15826
-28112
-19918
-19948
-19914
-19944
-28038
-19844
-19588
-19570
-19568
-19566
-19564
-19690
-19576
-19574
-19576
-19566
-19568
-19565
-19565
-19564
-19562
-19490
-19464
-3078
-19588
-19490
-19488
-19486
-19484
-17334
-19380
-19378
-19376
-19390
-27580
-3002
-2968
-19382
-18868
-19442
-19440
-19438
-19440
-19398
-19396
-19398
-19398
-19398
-17348
-17350
-17343
-17343
-17341
-25531
-17337
-17331
-17329
-18353
-16815
-16809
-16799
-16797
-16793
-16791
-16789
-16771
-20881
-16783
-16653
-16643
-16641
-16639
-16637
-16635
-16633
-16503
-16629
-24821
-24821
-25077
-24821
-24805
-24674
-24608
-25632
-24602
-24600
-24598
-24596
-24594
-24592
-24582
-25108
-28678
-28676
-29186
-29186
-29472
-29470
-29460
-29458
3312
6394
2300
2302
2368
2370
2304
2368
2306
2436
2470
2472
2490
2492
2490
2460
2458
2464
2466
2468
2470
2472
10666
10668
10670
10736
10738
10612
10726
10748
10782
10784
27178
27188
27126
27056
27106
27076
27078
18888
18890
18892
18894
18896
18898
19028
19030
19032
19034
19036
19046
19048
19114
19120
19026
19028
19028
19158
19160
19162
19164
19166
19168
19170
19170
19172
19182
19184
19184
19186
19124
19126
19128
19130
19132
20118
19992
20250
20124
20158
20432
20434
20308
20310
19798
19796
19798
19800
19802
19804
19806
19808
19810
17764
21870
17768
17770
17768
17774
17521
17475
17477
17479
17481
17483
17485
17485
17495
17497
17531
17533
17535
18149
17647
18153
18155
18221
18191
18225
18099
18099
18165
18167
18169
18169
18171
18171
18173
18175
26369
18179
26405
26375
26405
26407
26409
26410
26412
26414
26480
30522
26428
26426
26444
28494
26464
26467
26469
26471
26473
26475
26477
26479
26481
26483
9845
9847
9849
9843
9845
9975
9985
9507
9517
9511
9517
9511
9513
9515
9533
9535
25925
9551
9551
9585
25943
25945
25947
25949
25951
25953
30051
26093
26087
26225
26227
26229
26245
28295
28296
28298
28300
28462
28464
28466
28468
28470
28472
28474
28474
28352
28370
28372
28358
28232
28234
28236
28238
28240
-20910
28229
28231
28233
28233
28234
28236
26190
26192
26194
26456
25978
26108
26086
9708
10030
10032
10034
10064
10003
10005
9111
9105
9107
8981
8983
8985
8987
8733
9063
9065
9067
8557
8557
367
495
433
499
501
503
505
4603
-28163
4607
4593
4595
4597
4599
8697
507
497
319
317
320
322
324
334
332
335
369
371
501
4479
4473
4971
4461
4975
5041
13235
13237
29623
29625
29371
29371
29373
29375
29469
29471
29537
29539
29553
29298
29300
29302
29272
29274
29276
29278
25312
25186
25189
25191
25195
25197
25199
-7567
-7597
-7595
-7593
-7591
-6565
-6563
-7521
-7519
-7549
-7515
-5721
-5751
27019
-5747
-5745
-13391
-13389
-13387
-13513
-12483
-13491
-5169
-7215
-7213
-3115
-3113
-2091
-2089
30705
30682
30683
30669
30671
30165
-2601
-2559
-2541
-2547
-2533
-2531
-2529
-2511
-2525
-2523
-2393
-2393
-2523
-2393
-2375
-2501
-2479
-3501
-11659
-11689
-11751
-11749
-11747
-11745
-11744
-11742
-12252
-11742
-11736
-11718
-11648
-11726
-11724
-11658
-11688
-11686
-11686
-11684
-11618
-11648
-11614
-11612
-11610
-11608
-11606
-10612
-11378
-3436
-11626
-11496
-11502
-11308
-11274
-11272
-11270
-11268
-11122
-11248
-11246
-11244
-11241
-11239
-11221
-11219
-11217
-11215
-12173
-12107
-12105
-12135
-12109
-12107
-12101
-12099
-12097
-11887
-11821
-11819
-11817
-11847
-11805
-11803
-11793
-14423
-30805
-30799
-30733
-30731
-28681
-24455
-22149
-24163
-24145
-24159
-22109
-22091
-22089
-22088
-22090
-22088
-22086
-22084
-22078
-22332
-22070
-22070
-22070
-22066
-22000
-21998
-21996
-21994
-21992
-21990
2586
-30180
-30178
-30940
-30938
-30936
-30934
-30932
-30930
-22864
-31054
-31020
-31010
-31000
-30982
-30980
-30850
-30976
-30974
-30972
-30842
-30768
-32686
-32684
-32686
-28584
-28326
-28324
-27810
-27872
-27870
-27868
-27866
-27856
-27854
-27884
-27898
-27896
-27894
-27876
-27890
-27876
-27874
-27872
-27870
-27803
-27793
-27795
-27795
-27777
-27999
-27997
-27995
-27929
-27927
-28053
-28052
-28034
-28032
-28030
-28024
-28021
-28019
-28019
-27953
-27943
-27909
-27907
-11587
-11729
-11727
-11727
-11723
-11721
-11735
-11733
-15803
-11697
-11697
-11695
-11561
-11559
-11553
-11551
-11549
-11547
-11545
-11551
-11285
-3091
-11281
-11279
-11273
-27623
-27623
-27635
-27633
-27631
-27117
-27115
-27113
-27127
-27125
-27122
-27126
-27120
-27118
-27116
-27114
-27112
-27110
-27108
-27074
-27064
-27054
-27564
-27306
-27288
-27294
-27292
-27274
-27272
-27334
-27332
-27330
-27328
-27326
-27326
-27324
-27290
-27256
-27510
-19316
-19314
-19304
-19246
-19244
-19242
-19112
-19094
-19095
-18933
-18939
-18937
-18935
-18901
-18915
-18913
-18847
-22941
-22939
-20893
-20631
-20949
-20947
-20945
-20943
-20909
-20924
-20922
-20920
-20918
-20916
-20914
-20912
-20910
-20526
-20492
-20522
-21540
-21554
-21536
-21786
-21536
-21536
-21534
-17436
-17434
-17432
-17430
-17436
-17042
-17360
-17326
-17322
-17320
-17160
-17158
15612
15614
15632
16146
15636
15702
15704
15706
15708
15706
15708
15726
15736
15738
15732
15734
15736
15742
15744
-17014
-16436
-18482
-18480
-18606
-18446
-18460
-18458
8104
-24632
-8246
-8244
-8242
23504
24514
24532
24150
24152
24186
24188
24190
24192
24450
24452
24454
25096
24842
25866
25884
25918
25920
25954
26082
26082
26084
26086
26088
26090
26092
25998
26000
26002
26004
26006
26006
26008
30234
-2532
-2514
29368
-3398
-3412
-3394
-3648
-3644
-3642
-3704
-3698
-3700
-3106
-3104
-2869
-2939
-2936
-2933
-19315
-19313
-19439
-19439
-19437
-19435
-3049
-3047
-4069
-2787
-2657
-6815
-6869
-6867
-6865
-6863
-6829
-7069
-7099
-7096
-7094
-7092
-7090
-7104
-7086
-7148
-6890
-7906
-7912
-7910
-16100
-7906
-7880
-7886
-3788
-3754
-3239
-3237
-3291
-3161
-3191
-3189
-3187
-3187
-3184
-3181
-3147
-3145
-3095
-3093
-3089
-3091
-3121
-3247
-3309
-3179
-3177
-3175
-3173
-3147
-3161
-3159
-3157
-3411
-3089
-3157
-2115
-2113
-2111
-2109
-2109
-2109
-2075
-2073
-2063
-2317
-2313
-2309
-2309
-2307
-2305
-2273
-2263
-2263
-2197
-2243
-2249
-2255
30519
30521
30491
30493
30495
30549
30551
30553
30043
30045
30039
30073
30091
30093
29839
29841
13459
13333
13463
13465
13467
13469
13467
13469
13455
13441
13451
13453
13455
13457
13459
13445
-19305
13465
13467
13469
13471
13501
13471
13457
13459
13465
13467
13533
13535
5217
5219
5237
5239
5241
5243
5244
5374
5376
5378
5380
5446
5446
-27320
-27318
-26788
-26786
-26784
-27550
-27548
-27546
-27576
-27318
-27380
-27377
-27375
-27341
-27337
-27337
-27329
-27329
-27199
-27197
5573
-27193
-27191
-16885
-16786
-16784
-16782
-16680
-16678
-16676
-16672
-16668
16134
-16600
-16582
-16612
-16482
-16480
-25694
-16480
-16478
-16444
-16442
-16440
-16438
-16436
-16434
-16432
-16430
-16428
-16426
-16416
-26654
-26588
-26586
-26592
-26590
-26588
-26618
-26616
-26610
-26616
-26614
-26484
-26418
-26416
-26414
-26408
-26422
6348
6348
6350
4496
6546
6548
6566
6568
6570
2252
6350
6352
6354
6364
6356
6358
6360
6366
6360
6494
6496
6498
6500
6518
6504
6474
6476
6478
7504
14674
14676
14678
14712
14682
14684
14688
14690
14692
14638
14384
14390
14456
14462
14466
14470
30856
22666
30877
30871
30873
30875
30605
30624
30690
30692
30691
30693
30695
30711
22537
30763
30893
30893
31063
31049
31051
31565
31567
31697
30995
30741
30743
30742
30744
30874
22684
30910
28864
30914
30924
30926
30928
30930
30932
31446
31450
30172
29150
31208
31210
31210
31212
30834
30836
30838
30840
30842
30812
30814
30816
30818
30820
30790
30808
30938
30810
28784
30834
30820
22630
22632
22634
22636
22666
-1908
-10100
-10066
-10096
-10064
-10062
-14156
-13690
-13688
-13686
-13684
-13682
-13680
-15724
-15722
-15592
-15590
-15588
-15458
-15440
-14414
-14412
-14412
-14786
-12736
-12734
-12700
-12698
-29080
-12694
-12692
-12690
-12752
-12686
-12684
-12618
-12554
-12488
-12486
-12484
-28866
-28863
-28861
-28715
-28777
-30823
-28789
-28787
-28785
-28782
-28747
-28745
-28775
-28773
-28771
-28705
-31775
-29981
-29853
-29851
-29841
27312
27187
27197
27231
27233
27235
27237
27237
27183
26641
27219
27229
27263
27391
-5459
-5423
-5417
-5287
-5159
-5157
-5283
-5281
-5279
-5277
-5299
-5299
-5297
-5283
-5163
-5161
-5159
-5133
-5147
-5147
-5207
-5205
-5075
-5073
-5071
-5069
-5051
-5041
-5103
-5037
-4139
-5673
-5671
26971
-5795
-5793
-5791
-5789
-5787
-5785
-5687
-5757
-5755
-5757
-5719
-5717
-5715
-5649
-5647
-5645
-4619
-4673
-4679
-4613
-4579
-4449
-4447
-4447
-4443
-4377
-4375
28395
-4115
-4113
-4239
-4237
-4231
-4229
-4227
-4225
-4351
-6333
-6315
-6333
-6295
-6323
-6329
-6319
26451
26581
26463
26465
24579
27661
27663
27663
27669
27670
27672
27674
27676
27710
19520
19521
27715
27717
27847
26825
27849
27859
27861
27863
27863
27871
27875
27875
27877
27879
27881
27883
27885
27888
27890
27892
28062
28129
28131
28005
28007
28009
28011
28013
27763
27765
27767
27897
27935
27937
27939
28001
28004
28006
28008
-5014
-5012
-4754
-4752
-4746
-4744
-4742
-4740
-4730
-4984
-4734
-4732
-4730
-4724
-4726
-21107
-4721
-4719
-4717
-4715
-4713
-4711
-4709
-4707
-4705
-4703
-6749
-6747
-6865
-6863
-6861
-6843
-23225
-23223
-23221
-23219
-23217
-23215
-19085
-17851
-17849
-17831
-17829
-17827
-17809
-17551
-17837
-17851
-28073
-28071
-28069
-27955
-28209
-26159
-30253
-26411
-26153
-26151
-26145
-26127
-26127
-26125
-26123
-26121
-26119
-26117
-26114
-26112
-26110
-26236
-26361
-30455
-22253
-22251
-22217
-22503
-18405
-18403
-18385
-18384
-18350
-18332
-18330
14444
14446
14448
14450
-18316
14454
14456
14458
14460
14462
14464
14466
14468
14470
14480
14674
14660
14790
14664
14698
14700
14704
14774
14776
14522
14592
14658
14660
-18072
-18050
-18304
-18302
14468
14468
14470
14480
14482
12436
12438
12440
12474
13484
13358
13360
13362
13366
13332
13366
13112
13114
13116
13114
13100
13094
15144
13098
12844
12842
12844
4652
4140
4658
12852
12854
12888
12890
12916
12918
13048
13058
8964
8964
8964
790
8984
9050
9052
9075
9077
9083
9081
8571
8573
8551
8537
8575
8577
8578
8596
9094
8602
8606
8576
9122
9140
9142
11260
11262
11200
3138
11285
11287
11289
11291
3101
11295
3105
3115
3245
3247
3761
3761
3763
3761
3763
4021
4023
12217
4059
4061
4061
4063
4001
2979
4007
4007
4001
4019
6229
6679
6201
6203
6205
7231
7241
6991
-25775
-25741
-25707
-25703
-25701
-25697
-25823
-25821
-25755
-25753
-25751
-25749
-25747
-25785
-25783
-25781
-27827
-27817
-27815
-28005
-27683
-27681
-27679
-27893
-27875
-28129
-28091
-28073
-28087
-28087
-28085
-28083
-32177
-32176
-32172
-32140
-32130
-23920
-23934
-7676
-7674
-7672
-6646
-2546
-6640
-6638
-6636
-6634
-6632
-6630
-6628
-6614
-6484
-6482
-6480
-6478
-6476
-6474
-6472
-6472
-6470
-6404
-6404
-6402
-6336
-6336
-6334
-6332
-6202
-6322
-6192
-6190
-6188
-6694
-6684
-6674
-6680
-6710
-2612
-14898
-14896
-15086
-15020
-14986
-15080
17682
17684
17686
17720
17786
17916
17890
17892
17894
17896
17898
17836
17870
17870
17872
17874
17620
17874
17884
19926
19928
19928
19914
19916
19794
19792
19797
19799
19793
19795
23893
23895
23881
23659
21629
7295
2177
3203
3205
3479
3513
3515
3517
3519
3457
4051
4053
4059
4061
4047
4081
4083
4085
32695
32689
32435
32437
32439
32441
32467
32469
32469
32455
32471
32505
32507
32637
32639
32641
32643
32661
32663
30617
30683
30621
30623
30625
30635
30629
22411
22189
21935
21953
21955
21573
22087
22093
22095
30289
30547
30581
32759
30713
30587
30717
30719
30737
30723
30721
30731
30733
30879
30881
30851
30883
30885
26791
30889
30891
30893
30895
31153
31163
31181
31183
31193
31199
31201
31003
31001
31003
30997
31039
31037
31043
30981
31055
31057
31059
31061
31067
31073
27043
26919
31017
31019
31145
31159
31161
31163
31165
32191
32225
32227
32229
-409
-407
-2451
-9285
-1091
-1089
-63
-61
-123
-57
-55
-181
-4275
-4209
-4207
-4334
-4204
-4204
-4198
-4196
-4194
-4192
-4190
-6236
-6234
-6232
-6230
-6228
-4178
-6152
-6190
-6187
-6249
-6247
-6241
-6239
-6237
-6235
-6233
-6231
-6229
-6739
-6737
-6735
-6734
-6731
-6633
-6631
-6629
-6627
-6625
-6559
-6557
-6427
-6257
-6255
-6255
-4141
-4139
-4281
-4231
-165
-4259
-161
-159
-141
-139
32679
32521
32523
32525
32527
32529
32531
32537
32539
32285
28191
28191
26145
26147
26149
26151
26153
26155
26158
26480
26482
26484
26486
26492
26490
26497
26251
26245
26247
26249
-22829
-23399
-23141
-23139
-23137
-23135
-23069
-23003
-22745
-22743
-22741
-22995
-20945
-22991
-22989
-22859
-22857
-22791
-22853
-22851
-22785
-22847
-22587
-22585
-22551
-22581
-22579
-22577
-22507
-22505
-22503
-22501
-22491
-22261
-22515
-22513
-22511
-22509
-22471
-22349
-22091
-22217
-22471
-22455
-22453
-22451
-22449
-22433
-22431
-22429
-22427
-22425
-22423
-22361
-22359
-22357
-22355
-22481
-6095
-6105
-6103
26735
26673
26681
26635
26637
25359
26389
26519
26525
26527
26529
26531
26533
26539
25489
25523
25525
25495
25497
25499
25501
25566
25574
25572
25734
26248
26506
26500
26534
26504
10122
10124
10126
9140
10162
10178
-22590
-22588
-22586
-22584
-22582
-22516
-21482
-22471
-22485
-22339
10495
10501
10511
10577
10561
10563
10597
10575
10569
11115
11117
11247
11243
11261
11263
11269
11271
11273
11275
11341
11343
11345
11347
11381
11895
11377
11387
11389
11391
11393
11266
11396
11398
11400
11402
11404
11406
11408
31890
31900
31934
32200
32202
32716
32206
32144
32022
29976
29978
29964
30094
30096
13762
13764
13638
8536
8536
8540
8286
8228
8358
8360
8426
8428
12526
12528
4338
13044
12794
12796
12894
12896
13922
13932
13934
13937
13938
13940
13942
13944
13946
13948
13950
13944
13948
16128
16130
14085
16135
15121
16147
16277
16279
16345
16107
16381
16351
26637
26631
26634
26652
26652
26654
26656
24610
24612
22326
22392
22362
22366
22240
22242
22244
22246
22248
5870
6204
6222
6232
6234
6236
6396
6366
6400
6403
6925
6931
6933
6935
6937
2843
2841
2907
2909
2911
2913
2931
2933
2931
2929
4041
3019
3037
3039
3041
3043
3045
3047
3049
7179
23557
23559
23553
23555
23565
19503
23601
23731
23733
23799
23801
23871
24001
24011
24011
24525
24015
23745
19651
23757
23807
23797
23801
-8965
-8963
-8961
-8927
-8953
-8951
-8949
-8947
-8945
-8935
-8941
-4971
-13161
-12655
-12653
-14711
-11886
-11854
-11852
-11850
-11816
-11718
-11748
-11682
-11680
-11678
-28060
-28058
-28088
-28094
-28092
-28065
-28575
-28061
-28059
-11673
-11543
-11541
-11531
-11609
-11599
-11561
-11555
-11537
-11567
-3373
-11563
-11561
-11559
-11493
-11495
-11493
-11491
-11489
-11487
-11485
-13523
-11473
-11471
-11469
-11467
-11977
-11847
-11845
-11843
-11841
-11839
-3645
-3643
-3129
-3639
-3701
-3699
-3633
-3599
-3631
-3627
-3625
-3623
-3621
-3619
-3613
-3611
-3608
-3613
-3643
-3641
-1591
-1589
-4011
-3881
-7223
-7701
-7699
-7712
-15902
-15900
-15884
-15882
-15912
-16166
-16164
-16162
-16160
-32542
-32540
-31514
-32536
-32566
-32564
-32370
-32368
-32366
-32363
-32363
-32361
-32343
-32341
-32331
-32329
-32327
-32341
-32339
-32337
-30287
-30277
-30275
-30305
-30255
-30249
-30263
-30325
-22323
-22193
-22191
-22061
-22507
-22313
-21799
-21797
-21667
-21681
-23791
-23789
-23787
-23787
-31977
-31975
-31973
-23779
-23745
-23741
-31932
-31930
-31928
-31926
-31924
-31918
-31915
-31913
-31911
-31781
-31771
-31769
-31767
-15445
-15571
-15569
-15599
-15593
-15591
-15589
-15461
-32099
-15717
-15971
-15961
-16215
-15957
-15939
-15873
-16382
-15868
-15866
-15864
-11766
-11732
-11730
-11600
-11726
-11726
-11708
-11706
-11666
-11664
-11662
-11708
-10170
-9592
-9590
-9588
-9586
-9552
-9486
-9580
-9578
-9576
-9582
-9836
-9834
-9832
-9830
-9956
-9956
-9954
-9952
-9950
-9948
-9874
-9864
-9862
-9868
-9866
-9864
-9934
-9964
-1770
31000
-1766
-1764
-1634
-1664
-1630
-1628
-1625
-1615
-1612
-1866
-1864
-5958
-5892
-5890
-5888
-5888
-5748
-22102
-22132
-22130
-22127
-21998
-21996
-21994
-21992
-21986
-21984
-20942
-20924
-21082
-21064
-23126
-23124
-23107
-23105
-23103
-23101
-24379
-24377
-24343
-24341
-32467
-24273
-32463
-32461
-32459
-32449
-31953
-32459
-31433
-31427
-23201
-31391
-31261
-31579
-31577
-31559
1211
1213
1231
17554
1205
1211
1213
1279
-31487
-31487
-31481
-31415
-31477
-31475
-29417
-29383
-29317
-28803
-29385
-29389
-29387
-29385
-29383
-29637
-29635
-29633
-13247
-29629
-29619
-29617
-29615
-29614
-29611
-29609
-29608
-29606
-29620
-29618
-29616
-29678
-29676
3094
3088
3090
3092
2068
3222
3164
3166
3172
4070
3554
3556
3654
3656
3690
3692
3436
3441
3443
3445
3447
3448
3450
3452
3454
3200
3210
3212
3214
3217
3219
3345
3415
3417
3423
3425
3427
3429
3367
3368
3371
3405
3407
3409
3411
3413
3415
3417
3419
3397
3399
3401
3403
3405
3407
3417
3423
3409
3411
3411
7509
-25257
-25263
7379
8021
8023
8025
8027
8029
8031
8033
7587
3880
7978
7980
7982
7984
6962
6932
6962
6964
822
25400
25183
25181
27231
25185
27235
27237
27255
27297
27283
27269
27275
27309
27279
27297
27299
27301
27303
27305
27307
27309
27247
27185
27187
27189
-5577
-6083
-5953
-5759
-7806
-5756
-5690
27080
-5686
-5684
-5682
-4660
-4658
-4784
-4782
-4780
-4762
-5016
-4886
-4884
-4754
-4752
-4742
-4828
-4698
-4952
-4886
-5014
-4884
-4882
-4880
-4894
-5916
-5914
-22312
-21766
-21764
-21890
-21888
-21882
-21828
-21842
-21856
-21854
-21852
10918
10920
10922
10888
10442
10468
10470
10472
10474
10348
10414
10416
10426
10428
10430
10432
10434
10436
10310
10440
10474
10477
10735
-22287
-22309
-22492
-22366
-22396
-22398
-22388
-22002
-21992
-21958
-21956
-21954
-30144
-21918
-21900
-20986
-22008
-22006
-22260
-22258
-22256
-22250
-22244
-22242
-22240
-22240
-22238
