0
2
4
6
8
10
12
14
16
18
20
22
24
26
28
30
32
34
36
38
40
42
44
46
48
50
52
54
56
58
60
62
64
66
68
70
72
74
76
78
80
82
84
86
88
90
92
94
96
98
100
102
104
106
108
110
112
114
116
118
120
122
124
126
128
130
132
134
136
138
140
142
144
146
148
150
152
154
140
158
160
162
164
166
168
170
172
174
176
178
180
182
184
186
188
190
192
194
196
198
200
202
204
206
208
210
212
214
472
218
220
222
224
226
228
230
232
234
236
238
240
242
244
246
248
250
252
254
256
258
260
262
264
266
268
270
272
274
276
278
792
282
284
286
288
290
292
294
296
298
300
302
304
306
308
310
312
58
316
318
320
322
324
326
328
330
332
334
336
338
340
342
344
346
348
350
352
354
356
358
360
362
364
366
368
370
372
374
376
378
380
382
384
386
388
390
392
394
396
398
400
402
404
406
408
410
412
414
416
418
420
422
424
426
428
430
432
434
436
438
440
442
444
446
448
450
452
454
456
458
460
462
-32304
466
468
470
472
474
476
478
480
482
484
486
488
490
492
494
496
498
500
502
504
506
508
510
512
514
516
518
520
522
524
526
528
530
532
534
536
538
540
542
544
546
548
550
552
554
556
558
560
562
564
566
568
570
572
574
576
578
580
582
584
586
588
590
592
594
596
598
600
602
604
606
608
610
612
614
616
618
620
622
624
626
628
630
632
634
-32132
638
640
642
644
646
648
650
652
654
656
658
660
662
664
666
668
670
672
674
676
678
680
682
652
686
688
690
692
694
696
698
700
702
704
706
708
710
712
714
716
718
720
722
724
726
728
730
732
734
736
738
740
742
744
746
748
750
752
754
756
758
760
762
764
766
768
770
772
774
776
778
780
782
784
786
788
790
792
794
796
798
800
802
804
806
808
810
812
814
816
818
820
822
824
826
828
830
832
834
836
838
840
842
844
846
848
850
852
854
856
858
860
862
864
866
868
870
872
874
876
878
880
882
884
886
888
890
892
894
896
770
772
774
776
778
780
782
784
786
788
790
792
794
796
798
800
802
804
806
808
810
812
814
816
818
820
822
824
826
828
830
832
834
836
838
840
842
844
846
848
850
852
854
856
858
860
862
864
866
868
870
872
874
876
878
880
882
884
886
888
890
892
894
896
898
900
902
904
906
908
910
912
914
916
918
920
922
924
926
928
930
932
934
936
938
940
942
944
946
948
950
952
954
956
958
960
962
964
966
968
970
972
974
976
978
980
982
984
986
988
990
992
994
996
998
1000
1002
1004
1006
1008
1010
1012
1014
1016
1018
1020
1022
1024
1026
1028
1030
1032
1034
1036
1038
1040
1042
1044
1046
1048
1050
1052
1054
1056
1058
1060
1062
1064
1066
1068
1070
1072
1074
1076
1078
1080
1082
1084
1086
1088
1090
1092
1094
1096
1098
1100
1102
1104
1106
1108
1110
1112
1114
1116
1118
1120
1122
1124
1126
1128
1130
1132
1134
1136
1138
1140
1142
1144
1146
1148
1150
1152
1154
1156
1158
1160
1162
1164
1166
1168
1170
1172
1174
1176
1178
1180
1182
1184
1186
1188
1190
1192
1194
1196
1198
1200
1202
1204
1206
1208
1210
1212
1214
1216
1218
1220
1222
1224
1226
1228
1230
1232
1234
1236
1238
1240
1242
1244
1246
1248
1250
1252
1254
1256
1258
1260
1262
1264
1266
1268
1270
1272
1274
1276
1278
1280
1282
1284
1286
1288
1290
1292
1294
1296
1298
1300
1302
1304
1306
1308
1310
1312
1314
1316
1318
1320
1322
1324
1326
1328
1330
1332
1334
1336
1338
1340
1342
1344
1346
1348
1350
1352
1354
1356
1358
1360
1362
1364
1366
1368
1370
1372
1374
1376
1378
1380
1382
1384
1386
1388
1390
1392
1394
1396
1398
1400
1402
1404
1406
1408
1410
1412
1414
1416
1418
1420
1422
1424
1426
1428
1430
1432
1434
1436
1438
1440
1442
1444
1446
1448
1450
1452
1454
1456
1458
1460
1462
1464
1466
1468
1470
1472
1474
1476
1478
1480
1482
1484
1486
1488
1490
1492
1494
1496
1498
1500
1502
1504
1506
1508
1510
1512
1514
1516
1518
1520
1522
1524
1526
1528
1530
1532
1534
1536
1538
1540
1542
1544
1546
1548
1550
1552
1554
1556
1558
1560
1562
1564
1566
1568
1570
1572
1574
1576
1578
1580
1582
1584
1586
1588
1590
1592
1594
1596
1598
1600
1602
1604
1606
1608
1610
1612
1614
1616
1618
1620
1622
1624
1626
1628
1630
1632
1634
1636
1638
1640
1642
1644
1646
1648
1650
1652
1654
1656
1658
1652
1662
1664
1666
1668
1670
1672
1674
1676
1678
1680
1682
1684
1686
1688
1690
1692
1694
1696
1698
1700
1702
1704
1706
1708
1710
1712
1714
1716
1718
1720
1722
1724
1726
1728
1730
1732
1734
1736
1738
1740
1742
1744
1746
1748
1750
1752
1754
1756
1758
1760
1762
1764
1766
1768
1770
1772
1774
1776
1778
1780
1782
1784
1786
1788
1790
1792
1794
1796
1798
1800
1802
1804
1806
1808
1810
1812
1814
1816
1818
1820
1822
1824
1826
1828
1830
1832
1834
1836
1838
1840
1842
1844
1846
1848
1850
1852
1854
1856
1858
1860
1862
1864
1866
1868
1870
1872
1874
1876
1878
1880
1882
1884
1886
1888
1890
1892
1894
1896
1898
1900
1902
1904
1906
1908
1910
1912
1914
1916
1918
1920
1922
1924
1926
1928
1930
1932
1934
1936
1938
1940
1942
1944
1946
1948
1950
1952
1954
1956
1958
1960
1962
1964
1966
1968
1970
1972
1974
1976
1978
1980
1982
1984
1986
1988
1990
1992
1994
1996
1998
2000
2002
2004
2006
2008
2010
2012
2014
2016
2018
2020
2022
2024
2026
2028
2030
2032
2034
2036
2038
2040
2042
2044
2046
2048
2050
2052
2054
2056
2058
2060
2062
2064
2066
2068
2070
2072
2074
2076
2078
2080
2082
2084
2086
2088
2090
2092
2092
2096
2098
2100
2102
2104
2106
2108
2110
2112
2114
2116
2118
2120
2122
2124
2126
2128
2130
2132
2134
2136
2138
2140
2142
2144
2146
2148
2150
2152
2154
2156
2158
2160
2162
2164
2166
2168
2170
2172
2174
2176
2178
2180
2182
2184
2186
2188
2190
2192
2194
2196
2198
2200
2202
2204
2206
2208
2210
2212
2214
2216
2218
2220
2222
2224
2226
2228
2230
2232
2234
2236
2238
2240
2242
2244
2246
2248
2250
2252
2254
2256
2258
2260
2262
2264
2266
2268
2270
2272
2274
2276
2278
2280
2282
2284
2286
2288
2290
2292
2294
2296
2298
2300
2302
2304
2306
2308
2310
2312
2314
2316
2318
2320
2322
2324
2326
2328
2330
2332
2334
2336
2338
2340
2342
2344
2346
2348
2350
2352
2354
2356
2358
2360
2362
2364
2366
2368
2370
2372
2374
2376
2378
2380
2382
2384
2386
2388
2390
2392
2394
2396
2398
2400
2402
2404
2406
2408
2410
2412
2414
2416
2418
2420
2422
2428
2426
2428
2430
2432
2434
2436
2438
2440
2442
2444
2446
2448
2450
2452
2454
2456
2458
2460
2462
2464
2466
2468
2470
2472
2474
2476
2478
2480
2482
2484
2486
2488
2554
2492
2494
2496
2498
2500
2502
2504
2506
2508
2510
2512
2514
2516
2518
2520
2522
2524
2526
10720
2530
2532
2534
2536
2538
2540
2542
2544
2546
2548
2550
2552
2554
2556
2558
2560
2562
2564
2566
2568
2570
2572
2574
2576
2578
2580
2582
2584
2586
2588
2590
2592
2594
2596
2598
2600
2602
2604
2606
2608
2610
2612
2614
2616
2618
2620
2622
2624
2626
2628
2630
2632
2634
2636
2638
2640
2642
2644
2646
2648
2650
2652
2654
2656
2658
2660
2662
2664
2666
2668
2670
2672
2674
2676
2678
2680
2682
2684
2686
2688
2690
2692
2694
2696
2698
2700
2702
2704
2706
2708
2710
2712
2714
2716
10910
10912
10914
10916
10918
10920
10922
10924
10926
8880
10930
10932
10934
10936
10938
10940
10942
10944
10946
10948
10950
10952
10954
10956
10958
10960
10962
10964
10966
10968
10970
10972
10974
10976
10978
10980
10982
10984
10986
10988
10990
10992
10994
10996
10998
11000
11002
11004
11006
11008
11010
11012
11014
11016
11018
11020
11022
11024
11026
11028
11030
11032
11034
11036
11038
11040
11042
11044
11046
11048
11050
11052
11054
11056
11058
11060
11062
11064
11066
11068
11070
12096
11074
11076
11078
11080
11082
11084
11086
11088
11090
11092
11094
11096
11098
11100
11102
11104
11106
11108
11110
11112
11114
11116
11118
11120
11122
11124
11126
11128
11130
11132
11134
11136
11138
11140
11142
11144
11146
11148
11150
11152
11154
11156
11158
11160
11162
11164
11166
11168
11178
11172
11174
11176
11178
11180
11182
11184
15282
11188
11190
11192
11194
11196
11198
11200
11202
11204
11206
11208
11210
11212
11214
11216
11218
11220
11222
11224
11226
11228
11230
27616
11234
11236
11238
11240
11242
11244
11246
11248
11250
11252
11254
11256
11258
11260
11262
11264
11266
11268
11270
11272
11274
11276
11278
11280
11282
11284
11286
11288
11290
11292
11294
11296
11298
11300
11302
11304
11306
11308
11310
11312
11314
11316
11318
11320
11322
11324
11326
11328
11330
11332
11334
11336
11338
11340
11342
11344
11346
11348
11350
11352
11354
11356
11358
11360
11362
11364
11366
11368
11370
11372
11374
11376
11378
11380
11382
11384
11386
11388
11390
11392
11394
11396
11398
11400
11402
11404
11406
11408
11410
11412
11414
11480
11418
11420
11422
11424
11426
11428
11430
11433
11434
11436
11438
11440
11442
11444
11446
11448
11450
11452
11454
11456
11458
11460
11462
11464
11466
11468
11470
11472
11474
11476
11478
11480
11482
11484
11486
11488
11490
11492
11494
11496
11498
11500
11502
11504
11506
11508
11510
11512
11514
11516
11518
11520
11522
11524
11526
11528
11530
11532
11534
11536
11538
11540
11542
11544
11546
11548
11550
11552
11554
11556
11558
11560
11562
11564
11566
11568
11570
11572
11574
11576
11578
11580
11582
11584
11586
11588
11590
11592
11594
11596
11598
11600
11602
11604
11606
11608
11610
11612
11614
11616
11618
11620
11622
11624
11626
11628
11630
11632
11634
11636
11638
11640
11642
11644
11646
11648
11650
11652
11654
11656
11658
11660
11662
11664
11666
11668
11670
11672
11674
11676
11678
11680
11682
11684
11686
11688
11690
11692
11694
11696
11698
11700
11702
11704
11706
11708
11710
3520
11714
11716
11718
11720
11722
11724
11726
11728
11730
11732
11734
11736
11738
11740
11742
11744
11746
11748
11750
11752
11754
11756
11758
11760
11762
11764
11766
11768
11770
11772
11646
11776
11778
11780
11782
11784
11786
11788
11790
11792
11794
11796
11798
11800
11802
11804
11806
11808
11810
11812
11814
11816
11818
11820
11822
11824
11826
11828
11830
11832
11834
11836
11838
11840
11970
11844
11846
11848
11850
11852
11854
11856
11858
11860
11862
11864
11866
11868
11870
11872
11874
11876
11878
11880
11882
11884
11886
11888
11890
11892
11894
11896
11898
11900
11902
11904
11906
11910
11910
11912
11914
11916
11918
11920
11922
11924
11926
11928
11930
11932
11934
11936
11938
11940
11942
11944
11946
11948
11950
11952
11954
11956
11958
11960
11962
11964
11966
11968
11970
11972
11974
11976
11978
11980
11982
11984
11986
11988
11990
11992
11994
11996
11998
12000
12002
12004
12006
12008
12010
12012
12014
12016
12018
12020
12022
12024
12026
12028
12030
12032
12034
12036
12038
12040
12042
12044
12046
12048
12050
12052
12054
12056
12058
12060
12062
12064
12066
12070
12070
12072
12074
12076
12078
12080
12082
12084
12086
12088
12090
12092
12094
12096
12098
12100
12102
12104
12106
12108
12110
12112
12114
12116
12118
12120
12122
12124
12126
12128
12130
12132
12134
12136
12138
12140
12142
12144
12146
12148
12150
12152
12154
12156
12158
12160
12162
12164
12166
12168
12170
12172
12174
12176
12178
12180
12182
12184
12186
12188
12190
12192
12194
12196
12198
12200
12202
12204
12206
12208
12210
12212
12214
12216
12218
12220
12222
12224
12226
12228
12230
12232
12234
12236
12238
12240
12242
12244
12246
12248
12250
12252
12254
12256
-20510
12260
12262
12264
12266
12268
12270
12272
12274
12276
12278
12280
12282
12284
12286
12288
12290
12292
12294
12296
12298
12300
12302
12304
8210
12308
12310
12312
12314
12316
12318
12320
12322
12324
12326
12328
12330
12844
12334
12336
12338
12340
12342
12344
12346
12348
12350
12352
12354
12356
12358
12360
12362
12364
12366
12368
12370
12372
12374
12376
12378
12380
12382
14432
12386
12388
12390
12392
12394
12396
12398
12400
12402
12404
12406
12408
12410
12412
12414
12416
12418
12420
12422
12424
12426
12428
12430
12432
12434
12436
12438
12440
12442
12444
12446
12448
12450
12452
12454
12456
12458
12460
12462
12464
12466
12468
12470
12472
12474
12476
12478
12480
12482
12484
12486
12488
12490
12492
12494
12496
12498
12500
12502
12504
12506
12508
12510
12512
12514
12516
12518
12520
12522
12524
12526
12528
12530
12532
12534
12536
12538
12540
12542
12544
12546
12548
12550
12552
12554
12556
12558
12560
12562
12564
12566
12568
12570
12572
12574
12576
12578
12580
12582
12584
12586
12588
12590
12592
12594
12596
12598
12600
12602
12604
12606
12608
12610
12612
12614
12616
12618
12620
12622
12624
12626
12628
12630
12632
12634
12636
12638
12640
12642
12644
12646
12648
12650
12652
12654
12656
13682
12660
12662
12664
12666
12668
12670
12672
12674
12676
12678
12680
12682
12684
12686
12688
12690
12692
12694
12696
12698
12700
12702
12704
12706
12708
12710
12712
12714
12716
12718
12720
12722
12724
12726
12728
12730
12732
12734
12736
12738
12740
12742
12744
12746
12748
12750
12752
12754
12756
12758
12760
12762
12764
12766
12768
12770
12772
12774
12776
12770
12780
12782
12784
12786
12788
12790
12792
12794
12796
12798
12800
12802
12804
12806
12808
12810
12812
12814
12816
12818
12820
12822
12824
12826
12828
12830
12832
12834
12836
12838
12840
12842
12844
12846
12848
12850
12852
12854
12856
12858
12860
12862
12864
12866
12868
12870
12872
12874
12876
12878
12880
12882
12884
12886
12889
12890
12892
12894
12896
12898
12900
12902
12904
12906
12908
12910
12912
12914
12916
12918
13176
12922
12924
12926
12928
12930
12932
12934
12936
12938
12940
12942
12944
12946
12948
12950
12952
12954
12956
12958
12960
12962
12964
12966
12968
12970
12972
12974
12976
12978
12980
12982
12984
12986
12988
12990
12992
12994
12996
12998
13000
13002
13004
13006
13008
13010
13012
13014
13016
13018
13020
13022
13024
13026
13028
13030
13032
13034
13036
13038
13040
13042
13044
13046
13048
13050
13052
13054
13056
13058
13060
13062
13064
13066
13068
13070
13072
13074
13076
13078
13080
13082
13084
13086
13088
13090
13092
13094
13096
13098
13100
13102
13104
13106
13108
13110
13112
13114
13116
13118
13120
13122
13124
13126
13128
13130
13132
13134
13136
13138
13140
13142
13144
13146
13148
13150
13152
13154
13156
13158
13160
13162
13164
13166
13168
13170
13172
13174
13176
13178
13180
13182
13184
13186
13188
13190
13192
13194
13196
13198
13200
13202
13204
13206
13208
13210
13212
13214
13216
13218
13220
13222
13224
13226
13228
13230
13232
13234
13236
13238
13240
13242
13244
13246
13248
13250
13252
13254
13256
13258
13260
13262
13264
13266
13268
13270
13272
13274
13276
13278
13280
13282
13284
13286
13288
13290
13292
13294
13296
13298
13300
13302
13304
13306
13308
13310
13312
13314
13316
13318
13320
13322
13324
13326
13328
13330
13332
13334
13336
13338
13340
13342
13344
13346
13348
13350
13352
13354
13356
13358
13360
15410
13364
13366
13368
13370
13372
13374
13376
13378
13380
13382
13384
13386
13388
13390
13392
13394
13396
13398
13400
13402
13404
13406
13408
13410
13412
13414
13416
5226
13420
13422
13424
13426
13428
13430
13432
13434
13436
13438
13440
13442
13444
13446
13448
13450
13452
13454
13456
13458
13460
13462
13464
13466
13468
13470
13472
13474
13476
13478
13480
13482
13484
13486
13488
13490
13492
13494
13496
13498
13500
13502
13504
13506
13508
13510
13512
13514
13516
13518
13520
13522
13524
13526
13528
13530
13532
13534
13536
13538
13508
13542
13544
13546
13548
13550
13552
13554
13556
13558
13560
13562
13564
13566
13568
13570
13572
13574
13576
13578
13580
13582
13584
13586
13588
13590
13592
13594
13596
13598
13600
13602
13604
13606
13608
13610
13612
13614
13616
13618
13620
13622
13624
13626
13628
13630
13632
13634
13636
13638
13640
13642
13644
13646
13648
13650
13652
13654
13656
13658
13660
13662
13664
13666
13668
13670
13672
13674
13676
13678
13680
13682
13684
13686
13688
13690
13692
13694
13696
13698
13700
13702
13704
13706
13708
13710
13712
13714
13716
13718
13720
13722
13724
13726
13728
13730
13732
13734
13736
13738
13740
13742
13744
13746
13748
13750
13752
13754
13756
13758
13760
13762
13764
13766
13768
13770
12748
13774
13776
13778
13780
13782
13784
13786
13788
13790
13792
13794
13796
13798
13800
13802
13804
13806
13808
13810
13812
13814
13816
13818
13820
13822
13824
13826
13828
13830
13832
13834
13836
13838
13840
13842
13844
13846
13848
13850
13852
13854
13856
13858
13860
13862
13864
13866
13868
13870
13872
13874
13876
13878
13880
13882
13884
13886
13888
13890
13892
13894
13896
13898
13900
13902
13904
13906
13908
13910
13912
13914
13916
13918
13920
13922
13924
13926
13928
13930
13932
13934
13936
13938
13940
13942
13944
13946
13948
13950
13952
13954
13956
13958
13960
13962
13964
13966
13968
13970
13972
13974
13976
13978
13980
13982
13984
13986
13988
13990
13992
13994
13996
13998
14000
14002
14004
14006
14008
14010
14012
14014
14016
14018
14020
14022
14024
14026
14028
14030
14032
14034
14036
14038
14040
14042
13532
14046
14048
14050
14052
14054
14056
14058
14060
14062
14064
14066
14068
14070
14072
14074
14076
14078
14080
14082
14084
14086
14088
14090
14092
14094
14096
14098
14100
14102
14104
14106
14108
14110
14112
14114
14116
14118
14120
14122
14124
14126
14128
14130
14132
14134
14136
14138
14140
14142
14144
14146
14148
14150
14152
14154
14156
14158
14160
14162
14164
14166
14168
14170
14172
14174
14176
14178
14180
14182
14184
14186
14188
14190
13936
14194
14196
14198
14200
14202
14204
14206
14208
14210
14212
14214
14216
14218
14220
14222
16272
14226
14228
14230
14232
14234
14236
14238
14240
14242
14244
14246
14248
14250
14252
14254
14256
14258
14260
14262
14264
14266
14268
14270
14272
14274
14276
14278
14280
14282
14284
14286
14288
14290
14292
14294
14296
14298
14300
14302
14304
14306
14308
14310
14312
14314
14316
14318
14320
14322
14324
14326
14328
14330
14332
14334
14336
14338
14340
14342
14344
14346
14348
14350
14352
14354
14356
14358
14360
14362
14364
14366
14368
14370
14372
14374
14376
14378
14380
14382
14384
14386
14388
14390
14392
14394
14396
14398
14400
14402
14404
14406
14408
14410
14412
14414
14416
14402
14420
14422
14424
14426
14428
14430
14432
14434
14436
14438
14440
14442
14444
14446
14448
14450
14452
14454
14456
14458
14460
14462
14464
14466
14468
14470
14472
14474
14476
14478
14480
14482
14484
14486
14488
14490
14492
14494
14496
14498
14500
14502
14504
14506
14508
14510
14512
14514
14516
14518
14520
14522
14524
14526
14528
14530
14532
14534
14536
14538
14540
14542
14544
14546
14548
14550
14552
14554
14556
14558
14560
14562
14564
14566
14568
14570
14572
14574
14576
14578
14580
14582
14584
14586
14588
14590
14592
14594
14596
14598
14600
14602
14604
14606
14608
14610
14612
14614
14616
14618
14620
14622
14624
14626
14628
14630
14632
14634
14636
14638
14640
14642
14644
14646
14648
14650
14652
14654
14656
14658
14660
14662
14664
14666
14668
14670
14672
14674
14676
14678
14680
14682
14684
14686
14688
14690
14692
14694
14696
14698
14700
14702
14704
14706
14708
14710
15736
14714
14716
14718
14720
14722
14724
14726
14728
14730
14732
14734
14736
14738
14740
14742
14744
14746
14748
14742
14752
14754
14756
14758
14760
14762
14780
14766
14768
14770
14772
14774
14776
14778
14780
14782
14784
14786
14788
14790
14792
14794
14796
14798
14800
14802
14804
14806
14808
14810
14812
14814
14816
14818
14820
14822
14824
14826
14828
14830
14832
14834
14836
14838
14840
14842
14844
14846
14848
14850
14852
14854
14856
14858
14860
14862
14864
14866
14868
14870
14872
14874
14876
14878
14880
14882
14884
14886
14888
14890
14892
14894
14896
14898
14900
14902
14904
14906
14908
14910
14912
14914
14916
14918
14920
14922
14924
14926
14928
14930
14932
14934
14936
14938
14940
14942
14944
14946
14948
14950
14952
14954
14956
14958
14960
14962
14964
14966
14968
14970
14972
14974
14976
14978
14980
14982
14984
14986
14988
14990
14992
14994
14996
14998
15000
15002
15004
15006
15008
15010
15012
15014
15016
15018
15020
15022
15024
15026
15028
15030
15032
15034
15036
15038
15040
15042
15044
15046
15048
15050
15052
15054
15056
15058
15060
15062
15064
15066
15068
15070
15072
15074
15076
15078
15080
15082
15084
15086
15088
15090
15092
15094
15096
15098
15100
15102
15104
15138
15108
15110
15112
15114
15116
15118
15120
15122
15124
15126
15128
15130
15132
15134
15136
15138
15140
15142
15144
15146
15148
15150
15152
15154
15156
15158
15160
15162
15164
15166
15168
15170
15172
15174
15176
15178
15180
15182
15184
15186
15188
15190
15192
15194
15196
15198
15200
15202
15204
15206
15208
15210
15212
15214
15216
15218
15220
15222
15224
15226
15228
15230
15232
15234
15236
15238
15240
15242
15244
15246
15248
15250
15252
15254
15256
15258
15260
15262
15264
15266
15268
15270
15272
15274
15276
15278
15280
15282
15284
15286
15288
15290
15292
15294
15296
15298
15300
15302
15304
15306
15308
15310
15312
15314
15316
15318
15320
15322
15324
15326
15328
15330
15332
15334
15336
15338
15340
15342
15344
15346
15348
15350
15352
15354
15356
15358
15360
15362
15364
15366
15368
15370
15372
15374
15376
15378
15380
15382
15384
15386
15388
15390
15392
15394
15396
15398
15400
15402
15404
15406
15408
15410
15412
15414
15416
15418
15420
15422
15424
15426
15428
15430
15432
15434
15436
15438
15440
15442
15444
15446
15448
15450
15452
15454
15456
15458
15460
15462
15464
15466
15468
15470
15472
15474
15476
15478
15480
15482
15484
15486
15488
15490
15492
15494
15496
15498
15500
15502
15504
15506
15508
15510
15512
15514
15516
15518
15520
15522
15524
15526
15528
15530
15532
15534
15536
15538
15540
15542
15544
15546
15548
15550
15552
15554
15556
15558
15560
15562
15564
15566
15568
15570
15572
15574
15576
15578
15580
15582
15584
15586
15588
15590
15592
15594
15596
15598
15600
15602
15604
15606
15608
15610
15612
15614
15616
15618
15620
15622
15624
15626
15628
15630
15632
15634
15636
15638
15640
15642
15644
15646
15648
15650
15652
15654
15656
15658
15660
15662
15664
15666
15668
15670
15672
15674
15676
15678
15680
15682
15684
15686
15688
15690
15692
15694
15696
15698
15700
15702
15704
15706
15708
15710
15712
15714
15716
15718
15720
15722
15724
15726
15728
15730
15732
15734
15736
15738
15740
15742
15744
15746
15748
15750
15752
15754
15756
15758
15760
15762
15764
15766
15768
15770
15772
15774
15776
15778
15780
15782
15784
15786
15788
15790
15792
15794
15796
15798
15800
15802
15804
15806
15808
15810
15812
15814
15816
15818
15820
15822
15824
15826
15828
15830
15832
15834
15836
15838
15840
15842
15844
15846
15848
15850
15852
15854
15856
15858
15860
15862
15864
15866
15868
15870
15872
15874
15876
15878
15880
15882
11788
15886
15888
15890
15892
15894
15896
15898
15900
15902
15904
15906
15908
15910
15912
15914
15916
15918
15920
15922
15924
15926
15928
15930
15932
15934
15936
15938
15940
15942
15944
15946
15948
15950
15952
15954
15956
15958
15960
15962
15964
15966
15968
15970
15972
15974
15976
15978
15980
15982
15984
15986
15988
15990
15992
15994
15996
15998
16000
16002
16004
16006
16008
16010
16012
16014
16016
16018
16020
16022
16024
16026
16028
16030
16032
16034
16036
16038
16040
16042
16044
16046
16048
16050
16052
16054
16056
16058
16060
16062
16064
16066
16068
16070
16072
16074
16076
16078
16080
16082
16084
16086
16088
16090
16092
16094
16096
16098
16100
16102
16104
16106
16108
16110
16112
16114
16116
16118
16120
16122
16124
16126
16128
16130
16132
16134
16136
16138
16140
16142
16144
16146
16148
16150
16152
16154
16156
16158
16160
16162
16164
16166
16168
16170
16172
16174
16176
16178
16180
16182
16184
16186
16188
16190
16192
16194
16196
16198
16200
16202
16204
16206
16208
16210
16212
16214
16216
16218
16220
16222
16224
16226
16228
16230
16232
16234
16236
16238
16240
16242
16244
16246
16248
16250
16252
16254
16256
16258
16260
16262
16264
16266
16268
16270
16272
16274
16276
16278
16280
16282
16284
16286
16288
16290
16292
16294
16296
16298
16300
16302
16304
16306
16308
16310
16312
16314
16316
16318
16320
16322
16324
16326
16328
16330
16332
16334
16336
16338
16340
16342
16344
16346
16348
16350
16352
16354
16356
16358
16360
16362
16364
16366
16368
16370
16372
16374
16376
16378
16380
16382
16384
16386
16388
16390
16392
16394
16396
16398
16400
16402
16404
16406
16408
16410
16412
16414
16416
16418
16420
16422
16424
16426
16428
16430
16432
16434
16436
16438
16440
16442
16444
16446
16448
16450
16452
16454
16456
16458
16460
16462
16464
16466
16468
16470
16472
16474
16476
16478
16480
16482
16484
16486
16488
16490
16492
16494
16496
16498
16500
16502
16504
16506
16508
16510
16512
16514
16516
16518
16520
16522
16524
16526
16400
16530
16532
16534
16536
16538
16540
16542
16544
16546
16548
16550
16552
16554
16524
16558
16560
16562
16564
16566
16568
16570
16572
16574
16576
16578
16580
16582
16584
16586
16588
16590
16592
16594
16596
16598
16600
16602
16604
16606
16608
16610
16612
16614
16616
16618
16620
16622
16624
16626
16628
16630
16632
16634
16636
16638
16640
16642
16644
16646
16648
16650
16652
16654
16656
16658
16660
16662
16664
16666
16668
16670
16672
16674
16676
16678
16680
16682
16684
16686
16688
16690
16692
16694
16696
16698
16700
16702
16704
16706
16708
16710
16712
16714
16716
16718
16720
16722
16724
16726
16728
16730
16732
16734
16736
16738
16740
16742
16744
16746
16748
16750
16752
16754
16756
16758
16760
16762
16764
16766
16768
16770
16772
16774
16776
16778
16780
16782
16784
16786
16788
16790
16792
16794
16796
16798
16800
16802
16804
16806
16808
16810
16812
16814
16816
16818
16820
16822
16824
16826
16828
16830
16832
16834
16836
16838
16840
16842
16844
16846
16848
16850
16852
16854
16856
16858
16860
16862
16864
16866
16868
16870
16872
16874
16876
16878
16880
16882
16884
16886
16888
16890
16892
16894
16896
16898
16900
16902
16904
16906
16908
16910
16912
16914
16916
16918
16920
16922
16924
16926
16928
16930
16932
16934
16936
16938
16940
16942
16944
16946
16948
16950
17976
16954
16956
16958
16960
16962
16964
16966
16968
16970
16972
16974
16976
16978
16964
16982
16984
16986
16988
16990
16992
16994
16996
16998
17000
17002
17004
17006
17008
17010
17012
17014
17016
17018
17020
21118
21120
21122
21124
21126
21128
21130
21132
21134
21136
21138
21140
21142
21144
21146
21148
21150
21152
21154
21156
21158
21160
21162
21164
21166
21168
21170
21172
21174
21176
21178
21180
21182
21184
21186
21188
21190
21192
21194
21196
21198
21200
21202
21204
21206
21208
21210
21212
21214
21216
21218
21220
21222
21224
21226
21228
21230
21232
21234
21236
21238
21240
21242
21244
21246
21376
21250
21252
21254
21256
21258
21260
21262
21264
21266
21268
21270
21272
21274
21276
21278
21280
21282
21284
21286
21288
21290
21292
21294
21296
21298
21300
21302
21304
21306
21308
21310
21312
21314
21316
21318
21320
21322
21324
21326
21328
21330
21332
21334
21336
21338
21340
21342
21344
21346
21348
21350
21352
21354
21356
21358
21360
21362
21364
21366
21368
21370
21372
21374
21376
21378
21380
21382
21384
21386
21388
21390
21392
21394
21396
21398
21400
21402
21404
21406
21408
21410
21412
21414
21416
21418
21420
21422
21424
21426
21428
21430
21432
21434
21436
21438
21440
21442
21444
21446
21448
21450
21452
21454
21456
21458
21460
21462
21464
21466
21468
21470
21472
21474
21476
21478
21480
21482
21484
21486
21488
21490
21492
21494
21496
21498
21500
21502
21504
21506
21508
21510
21512
21514
21516
21518
21776
21522
21524
21526
21528
21530
21532
21534
21536
21538
21540
21542
21544
21546
21548
21550
21552
21554
21556
21558
21560
21562
21564
21566
21568
21570
21572
21574
21576
21578
21580
21582
21584
21586
21588
21590
21592
21594
21596
21598
21600
21602
21604
21606
21608
21610
21612
21614
21616
21618
21620
21622
21624
21626
21628
21630
21632
21634
21636
21638
21640
21642
21644
21646
21648
21650
21652
21654
21656
21658
21660
21662
21664
21666
21668
21670
21672
21674
21676
21678
21680
21682
21684
21686
21688
21690
21692
21694
21696
21698
21700
21702
21704
21706
21708
21710
21712
21714
21716
21718
21720
21722
21724
21726
21728
21730
21604
21734
21736
21738
21740
21742
21744
21746
21748
21750
21752
21754
21756
21758
21760
21762
21764
21764
21768
21770
21772
21774
21776
21778
21780
21782
21784
21786
21788
21790
21792
21794
21796
21798
21800
21802
21804
21806
21808
21810
21812
21814
21816
21818
21820
21822
21824
21826
21828
21830
21832
21834
21836
21838
21840
21842
21844
21846
21848
21850
21852
21854
21856
21858
21860
21862
21864
21866
21868
21870
21872
21810
21876
21878
21880
21882
21884
21886
21888
21890
21892
21894
21896
21898
21900
21902
21904
21906
21908
21910
21912
21914
21916
21918
21920
21922
21924
21926
21928
21930
21932
21934
21936
21938
21940
21942
21944
21946
21948
21950
21952
21954
21956
21958
21960
21962
21964
21966
21968
21970
21972
21974
21976
21978
21980
21982
21984
21986
21988
21990
21992
21994
21996
21998
22000
22002
22004
22006
22008
22010
22012
22014
22016
22018
22020
22022
22024
22026
22028
22030
22032
22034
22036
22038
22040
22042
22044
22046
22048
22050
22052
22054
22056
22058
22060
22062
22064
22066
22068
22070
22072
22074
22076
22078
22080
22082
22084
22086
22088
22090
22092
22094
18000
22098
22100
22102
22104
22106
22108
22110
22112
22114
22116
22118
22120
22122
22124
22126
22128
22130
22132
22134
22136
22138
22140
22142
22144
22146
22148
22150
22152
22154
22156
22158
22160
22162
22164
22166
22168
22170
22172
22174
22176
22178
22180
22182
22184
22186
22188
22190
22192
22194
22196
22198
22200
22202
22204
22206
22208
22210
22212
30406
22216
22218
22220
22222
22224
22226
22228
22230
22232
22234
22236
22238
22240
22242
22244
22246
22248
22250
22252
22254
22256
22258
22260
22262
22264
22266
22268
22270
22272
22274
22276
22278
22280
22282
22284
22286
22288
22290
22292
22294
22296
22298
22300
22302
22304
22306
22308
22310
22312
22314
22316
22318
22320
22322
22324
22326
22328
22330
22332
22334
22336
22338
22340
22342
22344
22346
22348
22350
22352
22354
22356
22358
22360
22362
22364
22366
22368
22370
22372
22374
22376
22378
22380
22382
22384
22386
22388
22390
22392
22394
22396
22398
22400
22402
22404
22406
22408
22410
22412
22414
22416
22418
22420
21910
22424
22426
22428
22430
22432
22434
22436
22438
22440
22442
22444
22446
22448
22450
22452
22454
22456
22458
22460
22462
22464
22466
22468
22470
22472
22474
22476
22478
22480
22482
22484
22486
22488
22490
22492
22494
22496
22498
22500
22502
22504
22506
22508
22510
22512
22514
22388
22518
22520
22522
22524
22526
22528
22530
22532
22534
22536
22538
22540
22542
22544
22546
22548
22550
22552
22554
22556
22558
22560
22562
22564
22566
22568
22570
22572
22574
22576
22578
22580
22582
22584
22586
22588
22590
22592
22594
22596
22598
22600
22602
22604
22606
22608
22610
22612
22614
22616
22618
22620
22622
22624
22626
22628
22630
22632
22634
22636
22638
22640
22642
22644
22646
22648
22650
22652
22654
22656
22658
22660
22662
22664
22666
22668
22670
22672
22674
22676
22678
22680
22682
22684
22686
22688
22690
22692
22694
22696
22698
22700
22702
22704
22706
22708
22710
22712
22714
22716
22718
22720
22722
22724
22726
22728
22730
22732
22734
22736
22738
22740
22742
22744
22746
22748
22750
22752
22754
22756
22758
22760
22762
22764
22766
22768
22770
22772
22774
22776
22778
22780
22782
22784
22786
22788
22790
22792
22794
22796
22798
22800
22802
22804
22806
22808
22810
22812
22814
22816
22818
23844
22822
22824
22826
22828
22830
22832
22834
22836
22838
22840
22842
22844
22846
22848
22850
22852
22854
22856
22858
22860
22862
22864
22866
22868
22870
22872
22874
22876
22878
22880
22882
22884
22886
22888
22890
22892
22894
22896
22898
22900
22902
22904
22906
22908
22910
22912
22914
22916
22918
22920
22922
22924
22926
22928
22930
22932
22934
22936
22938
22940
22942
22944
22946
22948
22950
22952
22954
22956
22958
22960
22962
22964
22966
22968
22970
22972
22974
22976
22978
22980
22982
22984
22986
22988
22990
22992
22994
22996
22998
23000
23002
23004
23006
23008
23010
23012
23014
23016
23018
23020
23022
23024
23026
23028
23030
23032
23034
23036
23038
23040
23042
23044
23046
23048
23050
23052
23054
23056
23058
23060
23062
23064
23066
23068
23070
23072
23074
23076
23078
23080
23082
23084
23086
23088
23090
23092
23094
23096
23098
23100
23102
23104
23106
23108
23110
23112
23114
23116
23118
23120
23122
23124
23126
23128
23130
23132
23134
23136
23138
23140
23142
23144
23146
23148
23150
23152
23154
23156
23158
23160
23162
23164
23166
23168
23170
23172
23174
23176
23178
23180
23182
23184
23186
23188
23190
23192
23194
23196
23198
23200
23202
23204
23206
23208
23210
23212
23214
23216
23218
23220
23222
23224
23226
23228
23230
23232
23234
23236
23238
23240
23242
23244
23246
23248
23250
23252
23254
23256
23258
23260
23262
23264
23266
23268
23270
23272
23274
23276
23278
23280
23282
23284
23286
23288
23290
23292
23294
23296
23298
23300
23302
23304
23306
23308
23310
23312
23314
23316
23318
23320
23322
23324
23326
23328
23330
23332
23334
23336
23338
23340
23342
23344
23346
23348
23350
23352
23354
23356
23358
23360
23362
23364
23366
23368
23370
23372
23374
23376
23378
23380
23382
23384
23386
23388
23390
23392
23394
23396
23398
23400
23402
23404
23406
23408
23410
23412
23414
23416
23418
23420
23422
23424
23426
23428
23430
23432
23434
23436
23438
23440
23442
23444
23446
23448
23450
23452
23454
23456
23458
23460
23462
23464
23466
23468
23470
23472
23474
23476
23478
23480
23482
23484
23486
23488
23490
23492
23494
23496
23498
23500
23502
23504
23506
23508
23510
23512
23514
23516
23518
23520
23522
23524
23526
23528
23530
23532
23534
23536
23538
23540
23542
23544
23546
23548
23550
23552
23554
23556
23558
23560
23562
23564
23566
23568
23570
23572
23574
23576
23578
23580
23582
23584
23586
23588
23590
23592
23594
23596
23598
23600
23602
23604
23606
23608
23610
23612
23614
23616
23618
23620
23622
23624
23626
23628
23630
23632
23634
23636
23638
23640
23642
23644
23646
23648
23650
23652
23654
23656
23658
23660
23662
23664
23666
23668
23670
23672
23674
23676
23678
23680
23682
23684
23686
23688
23690
23692
23694
23696
23698
23700
23702
23704
23706
23708
23710
23712
23714
23716
23718
23720
23722
23724
23726
23728
23730
23732
23734
23736
23738
23740
23742
23744
23746
23748
23750
23752
23754
23756
23758
23760
23762
23764
23766
23768
23770
23772
23774
23776
23778
23780
23782
23784
23786
23788
23790
23792
23794
23796
23798
23800
23802
23804
23806
23808
23810
23812
23814
23816
23818
23820
23822
23824
23826
23828
23830
23832
7450
23836
23838
23840
23842
23844
23846
23848
23850
23852
23854
23856
23858
23860
23862
23864
23866
23868
23870
23872
23874
23876
23878
23880
23882
23884
23886
23888
23890
23892
23894
23896
23898
23900
23902
23904
23906
23908
23910
23912
23914
23916
23918
23920
23922
23924
23926
23928
23930
23932
23934
23936
23938
23940
23942
23944
23946
23948
23950
23952
23954
23956
23958
23960
23962
23964
23966
23968
23970
23972
23974
23976
23978
23980
23982
23984
23986
23988
23990
23992
23994
23996
23998
24000
24002
24004
24006
24008
24010
24012
24014
24016
24018
24020
24022
24024
24026
24028
24030
24032
24034
24036
24038
24040
24042
24044
24046
24048
24050
24052
24054
24056
24058
24060
24062
24064
24066
24068
24070
24072
24074
24076
24078
24080
24082
24084
24086
24088
24090
24092
24094
24096
24098
24100
24102
24104
24106
24108
24110
24112
24114
24116
24118
24120
24122
24124
24126
24128
24130
24132
24134
24136
24138
24140
24142
24144
24146
24148
24150
24152
24154
24156
24158
24160
24162
24164
24166
24168
24170
24172
24174
24176
24178
24180
24182
24184
24186
24188
24190
24192
24194
24196
24198
24200
24202
24204
24206
24208
24210
24212
24214
24216
24218
24220
24222
24224
24226
24228
24230
22184
24234
24236
24238
24240
24242
24244
24246
24248
24250
24252
24238
24256
24258
24260
24262
24264
24266
24268
24270
24272
24274
24276
24278
24280
24282
24284
24286
24288
24290
24292
24294
24296
24298
24300
24302
24304
24306
24308
24310
24312
24314
24316
24318
24320
24322
24324
24326
24328
24330
24332
24334
24336
24338
24340
24342
24344
24346
24348
24350
24352
24354
24356
24358
24360
24362
24364
24366
24368
24370
24372
24374
24376
24378
24380
24382
24384
24386
24388
24390
24408
24394
24396
24398
24400
24402
24404
24406
24408
24410
24412
24414
24416
24418
24420
24422
24424
24426
24428
24430
24432
24434
24436
24438
24440
24442
24444
24446
24448
24450
24452
24454
24456
24458
24460
24462
24464
24466
24468
24470
24472
24474
24476
24478
24480
24482
24484
24486
24488
24490
24492
24494
24496
24498
24500
24502
24504
24506
24508
24510
24512
24514
24516
24518
24520
24522
24524
24526
24528
24530
24532
24534
24536
24538
24540
24542
24544
24546
24548
24550
24552
24554
24556
24558
24560
24562
24564
24566
24568
24570
24572
24574
24576
24578
24580
24582
24584
24586
24588
24590
24592
24594
24596
24598
24600
24602
24604
24606
24608
24610
24612
24614
24616
24618
24620
24622
-8144
24626
24628
24630
24632
24634
24636
24638
24640
24642
24644
24646
24648
24650
24652
24654
24656
24658
24660
24662
24664
24666
24668
24670
24672
24674
24676
24678
24680
24682
24684
24686
24688
24690
24692
24694
24696
24698
24700
24702
24704
24706
24708
24710
24712
24714
24716
24718
24720
24722
24724
24726
24728
24730
24732
24734
24736
24738
24740
24742
24744
24746
24748
24750
24752
24754
24756
24758
24760
24762
24764
24766
24768
24770
24772
24774
24776
24778
24780
24782
24784
24786
24788
24790
24792
24794
24796
24798
24800
24802
24804
24806
24808
24810
24812
24814
24816
24818
24820
24822
24824
24826
24828
24830
24832
24834
24836
24838
24840
24842
24844
24846
24848
24850
24852
24854
24856
24858
24860
24862
24864
24866
24868
24870
24872
24874
24876
24878
24880
24882
24884
24886
24888
24890
24892
24894
24896
24898
24900
24902
24904
24906
24908
24910
24912
24914
24916
24918
24920
24922
24924
24926
24928
24930
24932
24934
24936
24938
24940
24942
24944
24946
24948
24950
24952
24954
24956
24958
24960
24962
24964
24966
24968
24970
24972
24974
24976
24978
24980
24982
24984
24986
24988
24990
24992
24994
24996
24998
25000
25002
25004
25006
25008
25010
25012
25014
25016
25018
25020
25022
25024
25026
25028
25030
25032
25034
25036
25038
25040
25042
25044
25046
25048
25050
25052
25054
25056
25058
25060
25062
25064
25066
25068
25062
25072
25074
25076
25078
25080
25082
25084
25086
25088
25090
25092
25094
25096
25098
25100
25102
25104
25106
25108
25110
25112
25114
25116
25118
25120
25122
25124
25126
25128
25130
25132
25134
25136
25138
25140
25142
25144
25146
25148
25150
25152
25154
25156
25158
25160
25162
25164
25166
25168
25170
25172
25174
25176
25178
25180
25182
25184
25186
25188
25190
25192
25194
25198
25200
25202
25204
25206
25208
25210
25212
27262
25216
25218
25220
25222
25224
25226
25228
25230
25232
25234
25236
25238
25240
25242
25244
25246
25248
25250
25252
25254
25256
25258
25260
25262
25264
25266
25268
25270
25272
25274
25276
25278
25280
25282
25284
25286
25288
25290
25292
25294
25296
25298
25300
25302
25304
25306
25308
25310
25312
25322
25316
25319
25320
25322
25324
25326
25328
25330
25332
25334
25336
25338
25340
25342
25344
25346
25348
25350
25352
25354
25356
25358
25360
25362
25364
25366
25368
25370
25372
25374
25376
25378
25380
25382
25384
25386
25388
25390
25392
25394
25396
25398
25400
25402
25404
25406
25408
25410
25412
25414
25416
25418
25420
25422
25424
25426
25428
25430
25432
25434
25436
25438
25440
25442
25444
25446
25448
25450
25452
25454
25456
25458
25460
25462
25464
25466
25468
25470
25472
25346
25476
25478
25480
25482
25484
25486
25488
25490
25492
25494
25496
25498
25500
25502
25504
25506
25508
25510
25512
25514
25516
25518
25520
25522
25524
25526
25528
25530
25532
25534
25536
25538
25540
25542
25544
25546
25548
25550
25552
25554
25556
25558
25560
25562
25564
25566
25568
25570
25572
25574
25576
25578
25580
25582
25584
25586
25588
25590
25592
25594
25596
25598
25600
25602
25604
25606
25608
25610
25612
25614
25616
25618
25620
25622
25624
25626
25628
25630
25632
25634
25636
25638
25640
25642
25644
25646
25648
25650
25652
25654
25656
25658
25660
25662
25664
25666
25668
25670
25672
25674
25676
25678
25680
25682
25684
25686
25688
25690
25692
25694
25696
25698
25700
25702
25704
25706
25708
25710
25712
25714
25716
25718
-7048
25722
25724
25726
25728
25730
25732
25734
25736
25738
25740
25742
25744
25746
25748
25750
25752
25754
25756
25758
25760
25762
25764
25766
25768
25770
25772
25774
25776
25778
25780
25782
25784
25786
25788
25790
25792
25794
25796
25798
25800
25802
25804
25806
25808
25810
25812
25814
25816
25818
25820
25822
25824
25826
25828
25830
25832
25834
25836
25838
25840
25842
25840
25846
25848
25850
25852
25854
25856
25858
25860
25862
25864
25866
25868
25870
25872
25874
25876
25862
25880
25882
25884
25886
25888
25890
25892
25894
25896
25898
25900
25902
25904
25906
25908
25910
25912
25914
25916
25918
25920
25922
25924
25926
25928
25930
25932
25934
25936
25938
25940
25942
25944
25946
25948
25950
25952
25954
25956
25958
25960
25962
25964
25966
25968
25970
25972
25974
25976
25978
25980
25982
-6784
25986
25988
25990
25992
25994
25996
25998
26000
26002
26004
26006
26008
26010
26012
26014
28064
26018
26020
26022
26024
26026
26028
26030
26032
26034
26036
26038
26040
26042
26044
26046
26048
26050
26052
26054
26056
26058
26060
26062
26064
26066
26068
26070
26072
26074
26076
26078
26080
26082
26084
26086
26088
26090
26092
26094
26096
26098
26100
26102
26104
26106
26108
26110
26112
26114
26116
26118
26120
26122
26124
26126
26128
26130
26132
26134
26136
26138
26140
26142
26144
26146
26148
26150
26152
26154
26156
26158
26160
26162
26164
26166
26168
26170
26172
26174
26176
26178
26180
26182
26184
26186
26188
26190
26192
26194
26196
26198
26200
26202
26204
26206
26208
26210
26212
26214
26216
26218
26220
26222
26224
26226
26228
26230
26232
26234
26236
26238
26240
26242
26244
26246
26248
26250
26252
26254
26256
26258
26260
26262
26264
26266
26268
26270
26272
26274
26276
26278
26280
26282
26284
26286
26288
26290
26292
26294
26296
26298
26300
26302
26304
26306
26308
26310
26312
26314
26316
26318
26320
26322
26324
26326
26328
26330
26332
26334
26336
26338
26340
26342
26344
26346
26348
26350
26352
26354
26356
26358
26360
26362
26364
26366
26368
26370
9988
26374
26376
26378
26380
26382
26384
26386
26388
26390
26392
26394
26396
26398
26400
26402
26404
26406
26408
26410
26412
26414
26416
26418
26420
26422
26424
26426
26428
26174
26432
26434
26436
26438
26440
26442
26444
26446
26448
26450
26452
26454
26456
26458
26460
26462
26464
26466
26468
26470
26472
26474
26476
26478
26480
26482
26484
26486
26616
26490
26492
26494
26496
26498
26500
26502
26504
26506
26508
26510
26512
26514
26516
26518
26520
26522
26520
26526
26528
26530
26532
26534
26536
26538
26540
26542
26544
26546
26548
26550
26552
26555
26556
26558
26560
26562
26564
26566
26568
26570
26572
26574
26576
26578
26580
26582
26584
26586
26588
26590
26592
26594
26596
26598
26600
26602
26604
26606
26608
26610
26612
26614
26616
26618
26620
26622
26624
26626
26628
26630
26632
26634
26636
26638
26640
26642
26644
26646
26648
26650
26652
26654
26656
26658
26660
26662
26664
26658
26668
26670
26672
26674
26676
26678
26680
26682
26684
26686
26688
26690
26692
26694
26696
26698
26700
26702
26704
26706
26708
26710
26712
26714
26716
26718
26720
26722
26724
26726
26728
26730
26732
26734
26736
26738
26740
26742
26744
26746
26748
26750
26752
26754
26756
26758
26760
26762
26764
26766
26768
26770
26772
26774
26776
26778
26780
26782
26784
26786
26788
26790
26792
26794
26796
26798
26800
26802
26804
26806
26808
26810
26812
26814
26816
26818
26820
26822
26824
26826
26828
26830
26832
26834
26836
26838
26840
26842
26844
26846
26848
26850
26852
26854
26856
26858
26860
26862
26864
26866
26868
26870
26872
26874
26876
26878
26880
26882
26884
26886
26888
26890
26892
26894
26896
26898
26644
26902
26904
26906
26908
26910
26912
26914
26916
26918
26920
26922
26924
26926
26928
26930
26932
26934
26936
26938
26940
26942
26944
26946
26948
26950
26952
26954
26956
26958
26960
26962
26964
26966
26968
26970
26972
26974
26976
26978
26980
26982
26984
26986
26988
26990
26992
26994
26996
26998
27000
27002
27004
27006
27008
27010
10628
27014
27016
27018
27020
27022
27024
27026
27028
27030
27032
27034
27036
27038
27040
27042
27044
27046
27048
27050
27052
27054
27056
27058
27060
27062
27064
27066
27068
27070
27072
27074
27076
27078
27080
27082
27084
27086
27088
27090
27092
27094
27096
27098
27100
27102
27104
27106
27108
27110
27112
27114
27116
27118
27120
27122
27124
27126
27128
27130
27132
27134
27136
27138
27140
27142
27144
27146
27148
27150
27152
27154
27156
27158
27160
27162
27164
27166
27168
27170
27172
27174
27176
27178
27180
27182
27184
27186
27188
27190
27192
27194
27196
27198
27200
27202
27204
27206
27208
27210
27212
27214
27216
27218
27220
27222
27224
27226
27228
27230
27232
27234
27236
27238
27240
27242
27244
27246
27248
27250
27252
27254
27256
27258
27260
27262
27264
27266
27268
27270
27272
27274
27276
27278
27280
27282
27284
27286
27288
27290
27292
27294
27296
27298
27300
27302
27304
27306
27308
27310
27312
27314
27316
27318
27320
27322
27324
27326
27328
27330
27332
27334
27336
27338
27340
27342
27344
27346
27348
27350
27352
27354
27356
27358
27360
27362
27364
27366
27368
27370
27372
27374
27376
27378
27380
27382
27384
27386
27388
27390
27392
27394
27396
27398
27400
27402
27404
27406
27408
27410
27412
27414
27416
27418
27420
27166
27424
27426
27428
27430
27432
27434
27436
27438
27440
27442
27444
27446
27448
27450
27452
27454
27456
27458
27460
27462
27464
27466
27468
27470
27472
27474
27476
27478
27480
27482
27484
27486
27488
27490
27492
27494
27496
27498
27500
27502
27504
27506
27508
27510
27512
27514
27516
27518
27520
27522
27524
27526
27528
27530
27532
27534
27536
27538
27540
27542
27544
27546
27548
27550
27552
27554
27556
27558
27560
27578
27564
27566
27568
27570
27572
27574
27576
27578
27580
27582
27584
27586
27588
27590
27592
27594
27596
27598
27600
27602
27604
27606
27608
27610
27612
27614
27616
27618
27620
27622
27624
27626
27628
-5138
27632
27634
27636
27638
27640
27642
27644
28670
27648
27650
27652
27654
27656
27658
27660
27662
27664
27666
27668
27670
27672
27674
27676
27678
27680
27682
27684
27686
27688
27690
27692
27694
27696
27698
27700
27702
27704
27706
27708
27710
27712
27714
27716
27718
27720
27722
27724
27726
27728
27730
27732
27734
27736
27738
27740
27742
27744
27746
27748
27750
27752
27754
27756
27758
27760
27762
27764
27766
27768
27770
27772
27774
27776
27778
27780
27782
27784
27786
27788
27790
27792
27794
27796
27798
27800
27802
27804
27806
27808
27810
27812
27814
27816
27818
27820
27822
27824
27826
27828
27830
27832
27834
27836
27838
27840
27842
27844
27846
27848
27850
27852
27854
27856
27858
27860
27862
27864
27866
27868
27870
27872
27874
27876
27878
27880
27882
27884
27886
27888
27890
27892
27894
27896
27898
27900
27902
27904
27906
27908
27910
27912
27914
27916
27918
27920
27922
27924
27926
27928
27930
27932
27934
27936
27938
27940
27942
27944
27946
27948
27950
27952
27954
27956
27958
27960
27962
27964
27966
27968
27970
27972
27974
27976
27978
27980
27982
27984
27986
27988
27990
27992
27994
27996
27998
28000
28002
28004
28006
28008
28010
28012
28014
28016
28018
28020
28022
28024
28026
28028
28030
28032
28034
28036
28038
28040
28042
28044
28046
28048
28050
28052
28054
28056
28058
28060
28062
28064
28066
28068
28070
28072
28074
28076
27054
28080
28082
28084
28086
28088
28090
28092
28094
28096
28098
28100
28102
28104
28106
28124
28110
28112
28114
28116
28118
28120
28122
28124
28126
28128
28130
28132
28134
28136
28138
28140
28142
28144
28146
28148
28150
28152
28154
28156
28158
28160
28162
28164
28166
28168
28170
28172
28174
28176
28178
28180
28182
28184
28186
28188
28190
28192
28194
28196
28198
28200
28202
28204
28206
28208
28210
28212
28214
28216
28218
28220
28222
28224
28226
28228
28230
28232
28234
28236
28238
28240
28242
28244
28246
28248
28250
28252
28254
28256
28258
28260
28262
28264
28266
28268
28270
28272
28274
28276
28278
28280
28410
28284
28286
28288
28290
28292
28294
28296
28298
28300
28302
28304
28306
28308
28310
28312
28314
28316
28318
28320
28322
28324
28326
28328
28330
28332
28334
28336
28338
28340
28342
28344
28346
28348
28350
28352
28354
28356
28358
28360
28362
28364
28366
28368
28370
28372
28374
28376
28378
28380
28382
28384
28386
28388
28390
28392
28394
28396
28398
28400
28402
28404
28406
28408
28410
28412
28414
28416
28418
28420
28422
28424
28426
28428
28430
28432
28434
28436
28438
28440
28442
28444
28446
28448
28450
28452
28454
28456
28458
28460
28462
28464
28466
28468
28470
28472
28474
28476
28478
28480
28482
28484
28486
28488
28490
28492
28494
28496
28498
28500
28502
28504
28506
28508
28510
28512
28514
28516
28518
28520
28522
28524
28526
28528
28530
28532
28534
28536
28538
28540
28542
28544
28546
28548
28551
28552
28554
28556
28558
28560
28562
28564
28566
28568
28570
28572
28574
28576
28578
28580
28582
28584
28586
28588
28590
28592
28594
28596
28598
28600
28602
32700
28606
28608
28610
28612
28614
28616
28618
28620
28622
28624
28626
28628
28630
28632
28634
28636
28638
28640
28642
28644
28646
28648
28650
28652
28654
28656
28658
28660
28662
28664
28666
28668
28670
28672
28674
28676
28678
28680
28682
28684
28686
28688
28690
28692
28694
28696
28698
28700
28702
28704
28706
28708
28710
28712
28714
28716
28718
28720
28722
28724
28726
28728
28730
28732
28734
28736
28738
28740
28742
28744
28746
28748
28750
28752
28754
28756
28758
28760
28762
28764
28766
28768
28770
28772
28774
28776
28778
28780
28782
28784
28786
28788
28790
28792
28794
28796
28798
28800
28802
28804
28806
28808
28810
28812
28814
28816
28818
28820
28822
28824
28826
28828
28830
28832
28834
28836
28838
28856
28842
28844
28846
28848
28850
28852
28854
28856
28858
28860
28862
28864
28866
28868
28870
28872
28874
28876
28878
28880
28882
28884
28886
28888
28890
28892
28894
28896
28898
28900
28902
28904
28906
28908
28910
28912
28914
28916
28918
28920
28922
28924
28926
28928
28930
28932
28934
28936
28938
28940
28942
28944
28946
28948
28950
28952
28954
31004
28958
28960
28962
28964
28966
28968
28974
28972
28974
28976
28978
28980
28982
28984
28986
28988
28990
28992
28994
28996
28998
29000
29002
29004
29006
29008
29010
29012
29014
29016
29018
29020
29022
29024
29026
29028
29030
29032
29034
29036
29038
29040
29042
29044
29046
29048
29050
29052
29054
29056
29058
29060
29062
29064
29066
29068
29070
29072
29074
29076
29078
29080
29082
29084
29086
29088
29090
29092
29094
29096
29098
29100
29102
29104
29106
29108
29110
29112
29114
29116
29118
29120
29122
29124
29126
29128
29130
29132
29134
29136
29138
29140
29142
29144
29146
29148
29150
29152
29154
29156
29158
29160
29162
29164
29166
29168
29170
29172
29174
29176
29178
29180
29182
29184
29186
29188
29190
29192
29194
29196
29198
29200
29202
29204
29206
29208
29210
29212
29214
29344
29218
29220
29222
29224
29226
29228
29230
29232
29234
28724
29238
29240
29242
29244
29246
29248
29250
29252
29254
29256
29258
29260
29262
29264
29266
29268
29270
29272
29274
29276
29278
29280
29282
29284
29286
29288
29290
29292
29294
29296
29298
29300
29302
29304
29306
29308
29310
29312
29314
29316
29318
29320
29322
29324
29326
29328
29330
29332
29334
29336
29338
29340
29342
29344
29346
29348
29350
29352
29354
29356
29358
29360
29362
29364
29366
29368
29370
29372
29374
29376
29378
29380
29382
29384
29386
29388
29390
29392
29394
29396
29398
29400
29402
29404
29406
29408
29410
29412
29414
29416
29418
29420
29422
29424
29426
29428
29430
29432
29434
29436
29438
29440
29442
29444
29446
29448
29450
29452
29454
29456
29458
29460
29462
29464
29466
29468
29470
29472
29474
29476
29478
29480
29482
29484
29486
29488
29490
29492
29494
29496
29498
29500
29502
29504
29506
29508
29510
29512
29514
29516
29518
29520
29522
29524
29526
29528
29530
29532
29534
29536
29538
29540
29542
29544
29546
29548
29550
29552
29554
29556
29302
29560
29562
29564
29566
29568
29570
29572
29574
29576
29578
29580
29582
29584
29586
29588
29590
29592
29594
29596
29598
29600
29602
29604
29606
29608
29610
29612
29614
29616
29618
29620
29622
29624
29626
29628
29630
29632
29634
29636
29638
29640
29642
29644
29646
29648
29650
29652
29654
29656
29658
29660
29662
29664
29666
29668
29670
29672
29674
29676
29678
29680
29682
29684
29686
29688
29690
29692
29694
29696
29698
29700
29702
29704
29706
29708
29710
29712
29714
29716
29718
29720
29722
29724
29726
29728
29730
29732
29734
29736
29738
29740
29742
29744
29746
29748
29750
29752
29754
29756
29758
29760
29762
29764
29766
29768
29770
29772
29774
29776
29778
29780
29782
29784
29786
29788
29790
29792
29794
29796
29798
29800
29802
29804
29806
29808
29810
29812
29814
29816
29818
29820
29822
29824
29826
29828
29830
29832
29834
29836
29838
29840
29843
29844
29846
29848
29850
29852
29854
29856
29858
29860
29862
29864
29866
29868
29870
29872
29874
29876
29878
29880
29882
29884
29886
29888
29890
29892
29894
29896
29898
29900
29902
29904
29906
29908
29910
29912
29914
29916
29918
29920
29922
29924
29926
29928
29930
29932
29934
29936
29938
29940
29942
29944
29946
29948
29950
29952
29954
29956
29958
29960
29962
29964
29966
29968
29970
29972
29974
29976
29978
29980
29982
29984
29986
29988
29990
29992
29994
29996
29998
30002
30002
30004
30006
30008
30010
-2756
30014
30016
30018
30020
30022
30024
30026
30028
30030
30032
30034
30036
30038
30040
30042
30044
30046
29792
30050
30052
30054
30056
30058
30060
30062
30064
30066
30068
30070
30072
30074
30076
30078
30080
30082
30084
30086
30088
30090
30092
30094
30096
30098
30100
30102
30104
30106
30108
30110
30112
30114
30116
30118
30120
30122
30124
30126
30128
30130
30132
30134
30136
30138
30140
30142
30144
30146
30148
30150
30152
30154
30156
30158
30160
30162
30164
30166
30168
30170
30172
30174
30176
30178
30180
30182
30184
30186
30188
30190
30192
30194
30196
30198
30200
30202
30204
30206
30208
30210
30212
30214
30216
30218
30220
30222
30224
30226
30228
30230
30232
30234
30236
30238
30240
30242
30244
30246
30248
30250
30252
30254
30256
22066
30260
30262
30264
30266
30268
30270
30272
30274
30276
30278
30280
30282
30284
30286
30288
30290
30292
30294
30296
30298
30300
30302
30304
30306
30308
30310
30312
30315
30317
30319
30321
30323
30325
30327
30329
30331
30333
30335
30337
30339
30341
30343
30345
30347
30349
30351
30353
30355
30357
30359
30361
30363
30365
30367
30369
30371
30373
30375
30377
30379
30381
30383
30385
30387
30389
30391
30393
30399
30397
30399
30393
30395
30397
30399
30401
30403
30405
30407
30409
30411
30413
30415
30417
30419
30421
30423
30425
30427
30429
30431
30433
30435
30437
30439
30441
30443
30445
30447
30449
30451
30453
30455
30457
30459
30461
30463
30465
30467
30469
30471
30473
30475
30477
30479
30481
30483
30485
30487
30489
30491
30493
30495
30497
30499
30501
30503
30505
30507
30509
30511
30513
30515
30517
30519
30521
30523
30525
30527
30529
30531
30533
30535
30537
30539
30541
30543
30545
30547
30485
30551
30553
30555
30557
30559
30561
30563
30565
30567
30569
30571
30573
30575
30577
30579
30581
30583
30585
30587
30589
30591
30593
30595
30597
30599
30601
30603
30605
30607
30609
30611
30613
30615
30617
30619
30621
30623
30625
30627
30629
30631
30633
30635
30637
30639
30641
30643
30645
30647
30649
30651
30653
30655
30657
30659
30661
30659
30665
30667
30669
30671
30673
30675
30677
30679
30681
30683
30685
30687
30689
30691
30693
30695
30697
30699
30701
30703
30705
30707
30709
30711
30713
30715
30717
30719
30721
30723
30725
30727
30729
30731
30733
30735
30737
30739
30741
30743
30745
30747
30749
30751
30753
30755
30757
30759
30761
30763
30765
30767
30769
30771
30773
30775
30777
30779
30781
30783
30785
30787
30789
30791
30793
30795
30797
30799
30801
30803
30805
30807
30809
30811
30813
30815
30817
30819
30821
30823
30825
30827
30829
30831
30833
30835
30837
30839
30841
30843
30845
30847
30849
30851
30853
30855
30857
30859
30861
30863
30865
30867
30869
30871
30873
30875
30877
30879
30881
30883
30885
30887
30889
30891
30893
30895
30897
30899
30901
30903
30905
30907
30909
30911
30913
30915
30917
30919
30921
30923
30925
30927
30929
30931
30933
30935
30937
30939
30941
30943
30945
30947
30949
30951
30953
30955
26861
30959
30961
30963
30965
30967
30969
30971
30973
30975
30977
30979
30981
30983
30985
30987
30989
30991
30993
30995
30997
30999
31001
31003
31005
31007
31009
31011
31013
31015
31017
31019
31021
31023
31025
31027
31029
31031
31033
31035
31037
31039
31041
31043
31045
31047
31049
31051
31053
31055
31057
31059
31061
31063
31065
31067
31069
31071
31073
31075
31077
31079
31081
31083
31085
31087
31089
31091
31093
31095
31097
31099
31101
31103
31105
31107
31109
31111
31113
31115
31117
31119
31121
31123
31125
31127
31129
31131
31133
31135
31137
31139
31141
31143
31145
31147
31149
31151
31153
31155
31157
31159
31161
31163
31165
31167
31169
31171
31173
31175
31177
31179
31181
31183
31185
31187
31189
31191
31193
31195
31197
31199
31201
31203
31205
31207
31209
31211
31213
31215
31217
31219
31221
31223
31225
31227
31229
31231
31233
31235
31237
31239
31241
31243
31245
31247
31249
31251
31253
31255
31257
31259
31261
31263
31265
31267
31269
31271
31273
31275
31277
31279
31281
31283
31285
31287
31289
31291
31293
31295
31297
31299
31301
31303
31305
31307
31309
31311
31313
31315
31317
31319
31321
31323
31325
31327
31329
31331
31333
31335
31337
31339
31341
31343
31345
31347
31349
31351
31353
31355
31357
31359
31361
31363
31365
31367
31369
31371
31373
31631
31377
31379
31381
31383
31385
31387
31389
31391
31393
31395
31397
31399
31401
31403
31405
31407
31409
31411
31413
31415
31417
31419
31421
31423
31425
31427
31429
31431
31433
31435
31437
31439
31441
31443
31445
31447
31449
31451
31453
31455
31457
31459
31461
31463
31465
31467
31469
31471
31473
31475
31477
31479
31481
31483
31485
31487
31489
31491
31493
31495
31497
31499
31501
31503
31505
31507
31509
31511
31513
31515
31517
31519
31521
31523
31525
31527
31529
31531
31533
31535
31537
31539
31541
31543
31545
31547
31549
31551
31553
31555
31557
31559
31561
31563
31565
31567
31569
31571
31573
31575
31577
31579
31581
31583
31585
31587
31589
31591
31593
31595
31599
31599
31601
31603
31605
31607
31609
31611
31613
31615
31617
31619
31621
31623
31625
31627
31629
31631
31633
31635
31637
31639
31641
31643
31645
31647
31649
31651
31653
31655
31657
31659
31661
31663
31665
31667
31669
31671
31673
31675
31677
31677
31681
31683
31685
31687
31689
31691
31693
31695
31697
31699
31701
31703
31705
31707
31709
31711
31713
31715
31717
31719
31721
31723
31725
31727
31729
31731
31733
31735
31737
31739
31741
31743
31745
-1021
31749
31751
31753
31755
31757
31759
31761
31763
31765
31767
31769
31771
31773
31775
31777
31779
31781
31783
31785
31787
31789
31791
31793
31795
31797
31799
31801
31803
31805
31807
31809
31811
31813
31815
31817
31819
31821
31823
31825
31827
31829
31831
31833
31835
31837
31839
31841
31843
31845
31847
31849
31851
31853
31855
31857
31859
31861
31863
31865
31867
31869
31871
31873
31875
31877
31879
31881
31883
31885
31887
31889
31891
31893
31895
31897
31899
31901
31903
31905
31907
31909
31911
31913
31915
31917
31919
31921
31923
31925
31927
31929
31931
31933
31935
31937
31939
31941
31943
31945
31947
31949
31951
31953
31955
31957
31959
31961
31963
31965
31967
31969
31971
31973
31975
31977
31979
31981
31983
31985
31987
31989
31991
31993
31995
31997
31999
32001
32003
32005
32007
32009
32011
32013
32015
32017
32019
32021
32023
32025
32027
32029
32031
32033
32035
32037
32039
32041
32043
32045
32047
32049
32051
32053
32055
32057
32059
32057
32063
32065
32067
32069
32071
32073
32075
32077
32079
32081
32083
32085
32087
32089
32091
32093
32095
32097
32099
32101
32103
32105
32107
32109
32111
32113
32115
32117
32119
32121
32123
32125
32127
32129
32131
32133
32135
32137
32139
32141
32143
32149
32147
32149
32151
32153
