0
2
4
6
8
10
12
14
16
18
20
22
24
26
28
30
32
34
36
38
40
42
44
46
48
50
52
22
56
58
60
62
64
66
68
70
72
74
76
78
80
114
84
86
88
90
92
94
96
98
36
102
104
106
108
110
112
114
116
118
120
122
124
126
128
130
132
134
136
138
140
142
144
146
148
150
152
154
156
158
160
162
164
166
168
170
172
174
176
178
180
182
184
186
188
190
192
194
196
198
200
202
204
206
208
210
220
214
212
214
216
218
220
222
224
226
228
246
232
234
236
238
240
242
244
246
248
250
252
254
256
258
260
262
264
266
268
270
272
275
276
278
280
282
284
286
288
290
292
294
296
298
300
302
304
306
308
310
312
314
316
318
320
66
324
326
328
330
332
334
336
338
340
342
344
346
348
350
352
354
356
358
296
298
300
302
304
306
308
310
312
314
316
318
320
322
324
326
328
330
332
334
336
338
340
342
344
346
348
350
352
354
356
358
360
362
364
366
368
370
372
374
376
378
380
382
384
386
388
390
392
394
396
398
400
402
404
406
-32360
410
4508
4510
4512
4514
4516
4518
4520
4522
4524
4526
4528
4530
4532
4534
4536
4538
4540
4542
4544
4546
4548
4550
4552
4554
4556
4558
4560
4562
4564
4566
4568
4570
4572
4574
4576
4578
4580
4582
4584
4586
4588
4590
4592
4594
4596
4598
4600
4602
4604
4606
4608
4610
4612
4614
4616
4618
4620
4622
4624
4626
4628
4630
4632
4634
4636
4638
4640
4642
4644
4646
4648
4650
4652
4654
4656
4658
4660
4662
4664
4666
4668
4670
4672
4674
4676
4678
4680
4682
4684
4686
4688
4690
4692
4694
4696
4698
4700
4702
4704
4706
4708
4710
4712
4714
4716
4718
4720
4722
4724
4726
4728
4730
4732
4734
4736
4802
4740
4742
4744
4746
4748
4750
4752
4754
4756
4758
4760
4762
4764
4766
4768
4770
4772
4774
4776
4778
4780
4782
4784
4786
4788
4790
4792
4794
4796
4798
4800
4802
4804
4806
4808
4810
4812
4814
4816
4818
4820
4822
4824
4826
4828
4830
4832
4834
4836
4838
4840
4842
4844
4846
4848
4850
4852
4854
4856
4858
4860
4862
4864
4866
4868
4870
4872
4874
4876
4878
4880
4882
4884
4950
4888
4890
4892
4894
4896
4898
4900
4902
4904
4906
4908
4910
4912
4914
4916
4918
4920
4922
4924
4926
4928
4930
4932
4934
4936
4938
4940
4942
4944
4946
4948
4950
4952
4954
4956
4958
4960
4962
4964
4966
4968
4970
4972
4974
4976
4978
4980
4982
4984
4986
4988
4990
4992
4994
4996
4998
5000
5002
5004
5006
5008
5010
5012
5014
5016
-27750
5020
5022
5024
5026
5028
5030
936
5034
5036
5038
5040
5042
5044
5046
5048
5050
5052
5054
5056
5058
5060
5062
5064
5066
5068
5070
5072
5074
5076
5078
5080
5082
5084
5086
5088
5090
5092
5094
5096
5098
5100
5102
5104
5106
5108
5110
5112
5114
5116
5118
5120
5122
5124
5126
5128
5130
5132
5134
5136
5138
5140
5142
5144
5150
5152
5154
5156
5158
5160
5162
5164
5166
5168
5170
5172
5174
5176
5178
5180
5182
5184
5186
5188
5190
5192
5194
5196
5198
5200
5202
7252
7254
7256
7258
7252
7262
7264
7266
7268
7270
7272
7274
7276
7278
7280
7282
7284
7286
7288
7290
7292
7294
7296
7298
7300
7302
7304
7306
7308
7310
7312
7314
7316
7318
7320
7322
7324
7326
7328
7330
7332
7334
7336
7338
7340
7342
7344
7346
7348
7350
7352
7354
7356
7358
7360
7362
7364
7366
7368
7370
7372
7374
7376
7378
7380
7382
7384
7386
7388
7390
7392
7394
7396
7398
7400
7402
7404
7406
7408
7410
7284
7414
7416
7418
7420
7422
7424
7426
7428
7430
7432
7434
7436
7438
7440
7442
7444
7446
7448
7450
7452
7454
7456
7458
7460
7462
7464
7466
7468
7470
7472
7474
7476
7478
7480
7482
7484
7486
7488
7490
7524
7494
7496
7498
7500
7494
7504
7506
7508
7510
7512
7514
7516
7518
7520
7522
7524
7526
7520
7546
7532
7534
7536
7538
7540
7542
7544
7546
7548
7550
7552
7554
7556
7558
7560
7562
7564
7566
7568
7570
7572
7574
7576
7578
7580
7582
7584
7586
7588
7590
7592
7594
7596
7598
7600
7602
7604
7606
7608
7610
7608
7614
7616
7618
7620
7622
7624
7626
7628
7630
7632
7634
7636
7638
3544
7642
7644
7646
7648
7650
7652
7654
7656
7658
7660
7662
7664
7666
7668
7671
7672
7674
7676
7678
7680
7682
7684
7686
7688
7690
7692
7694
7696
7698
7700
7702
7704
7706
7692
7710
7712
7714
7716
7718
7720
7722
7724
7726
7728
7730
7732
7734
7736
7738
7740
7742
7744
7746
7748
7750
7752
7754
7756
7758
7760
7762
7764
7766
7768
7770
7772
7774
7776
7778
7780
7782
7784
7786
7788
7790
7792
7794
7796
7798
7800
7802
7804
7806
7808
7810
7812
7814
7816
7818
7820
7822
7824
7826
7828
7830
7832
7834
7836
7838
7840
7906
7844
7846
7848
7850
7852
7854
7856
7858
7860
7862
7864
7866
7868
7870
7872
7874
7876
7878
7816
7882
7884
7886
7888
7890
7892
7894
7896
7898
7900
7902
7904
7906
7908
24294
7912
7914
7916
7918
7920
7922
7924
7926
7912
7930
7928
7934
7936
7938
7940
7942
7944
7946
7948
7950
7952
7954
7956
7958
7960
7962
7964
7966
7968
7970
7972
7974
7976
7978
7980
7982
7986
7986
7988
3894
7992
7994
7996
7998
8000
8002
8004
8006
8008
8010
8012
8014
8016
8018
8020
8022
8024
8026
8028
8030
8032
8034
8036
8038
8040
8042
8044
8046
8048
8050
8052
8054
8056
8058
8060
8062
8064
8066
8070
8134
8072
8074
8076
8078
8080
8082
8084
8086
8088
8090
8092
8094
8096
8098
8100
8102
8104
8106
8108
8110
8112
8114
8116
8118
8120
8122
8124
8126
8128
4034
8132
8134
8136
8138
8140
8142
8144
8146
8148
8150
8152
7898
8156
8158
8160
8162
8164
8166
8168
8170
8172
8174
8176
8178
8180
8182
8184
8186
8188
8190
8192
8194
8196
8198
8200
8202
8204
8206
8208
8210
8212
8214
8216
8218
8220
8222
8224
8226
8228
8230
8232
8234
8236
8494
8240
8242
8244
8246
8248
8250
8252
8254
8256
8258
8260
8262
8264
8266
8268
8270
8272
8274
8276
8278
8280
10330
8284
8286
8288
8290
8292
8294
8296
8298
8300
8302
8304
8306
8308
8310
8312
8314
8316
8318
8320
8322
8324
8326
8328
8330
8332
8334
8336
8338
8340
8342
8344
8346
8348
-24418
8352
12450
8356
8358
8360
8362
8364
8366
8368
8370
8372
8374
8376
8378
8380
8382
8384
8386
8388
8390
8392
8394
8396
8398
8400
8402
8404
8406
8408
8410
8412
8414
8416
8418
8420
8422
8424
8426
8428
8430
8432
8434
8436
8438
8440
8442
8444
8446
8448
8450
8452
8454
8456
8458
8460
8462
8464
8466
8468
8470
8472
8474
8476
8478
8480
8482
8484
8486
8488
8490
8492
8494
8496
8498
8500
8502
8504
8506
8508
8510
8512
8514
8516
8518
8520
8522
8524
8526
8528
8530
8532
8534
8536
8538
8540
8542
8544
8546
8548
8550
8552
8554
8557
8558
8560
8562
8564
8566
8568
8570
8572
8574
8576
8578
8576
8590
8600
8586
8588
8590
8592
8594
8596
8598
8600
8602
8604
8606
8608
8610
8612
8614
8616
8618
8620
8622
8624
8626
8628
8630
8632
8634
8636
8638
8640
8642
8644
8646
8648
8650
8652
8654
8657
8658
8660
8662
8664
8666
25048
8670
8672
8674
8676
8678
8680
8682
8684
8686
8688
8690
8692
8694
8696
8698
8700
8702
8704
8706
8708
8710
8712
8714
8716
8718
8720
8722
8724
8726
8728
8730
8732
8734
8736
8738
8740
8742
8744
8746
8748
8750
8752
8754
8756
8758
8760
8762
8764
8766
8768
8770
8772
8774
8776
8778
8780
590
8784
8786
8784
8790
8784
8786
8796
8798
8800
8802
8804
8806
8808
8810
8812
8814
8816
8818
8820
8822
8824
8826
8828
8830
8832
8834
8836
8838
8840
8842
8844
8846
8848
8850
8852
8854
8856
8858
8860
8862
8864
8866
8868
8870
8872
8874
8876
8878
8880
8882
8884
8886
8888
8858
8892
8894
8896
8898
8900
8902
8904
8906
8908
8910
8912
8914
8916
8918
8920
8922
8924
8926
8928
8930
8932
8934
8936
8938
8940
8942
8944
8946
8948
8950
8952
8954
8956
8958
8960
8962
8716
8966
8968
8970
8972
8974
8976
8978
8980
8982
8984
8986
8988
8990
8992
8994
8996
8998
9000
25402
9004
9006
9008
9010
9012
9014
9016
9018
9020
9022
9024
9026
9028
9030
9032
9034
9036
9038
9072
9042
9044
9046
9048
9050
9052
9054
9072
9058
9060
9062
9064
9066
9068
9070
9072
9074
9076
9078
9080
9082
9084
9086
9088
9090
9092
9094
9096
9098
9100
9102
9104
9106
9108
9110
9112
9114
9116
9118
9120
9122
9124
9126
9128
9130
9132
9134
9136
9138
9140
9142
9144
9146
9148
9150
9152
9154
9156
9158
9160
8906
9164
9166
-23600
9170
9172
9158
9176
9178
9116
9182
9184
9186
9188
9190
9192
9194
9196
9198
9200
9202
9204
9206
9208
9210
9212
9214
9216
9218
9220
9222
9224
9226
9228
9230
9232
9234
9236
9238
9240
9242
9244
9246
9248
9250
9252
9254
9248
9250
9252
9254
9256
9258
9260
9262
9264
9266
9268
9270
9272
9274
9276
9278
9280
9282
9284
9286
9288
9290
9292
9294
9296
9298
9300
9302
9304
9306
9308
9310
9312
9314
9316
9318
9320
9322
9324
9326
9328
8306
9332
9334
9336
9338
9340
9342
9344
9346
9348
9350
9352
9354
9356
9358
9360
9362
9364
9366
9368
9370
9372
9374
9376
9378
9380
9382
9384
9386
9388
9390
9392
9394
9396
9398
9400
9402
9404
9406
9408
9410
9412
9414
9416
9418
9420
9422
9424
9426
9428
9430
9432
9434
9436
9438
9440
9442
9444
9446
9448
9450
9452
9454
9456
9458
9460
9462
9464
9466
9468
9470
9472
9474
9476
9478
9480
9482
9484
9486
9488
9490
9492
9494
9496
9498
9500
9502
9508
9506
9508
9510
9512
9514
9516
9518
9520
9522
9524
9526
9528
9530
9532
9598
9536
9538
9540
9542
9544
9546
9548
9550
9552
9554
9556
9558
9560
9562
9564
9566
9568
9570
9572
9574
9576
9578
9580
9582
9584
9586
9588
9590
9592
9594
9596
9598
9600
9618
9604
9606
9608
9610
9612
9614
9616
9618
9620
9622
9624
9626
9628
9630
9632
9634
9636
9638
9640
9642
9644
9646
9648
9650
9652
9654
9656
9658
9404
9662
9664
9666
9700
9670
9672
9674
9676
9678
9680
9682
9684
9686
9688
9690
9692
9694
9696
9698
9700
9702
9704
9706
9708
9710
9712
9714
9716
9718
9656
9722
9724
9726
9728
9730
9796
9798
9800
9802
9804
9806
9936
9810
9812
9814
9816
9818
9820
9822
9824
9826
9828
9830
9832
9834
9836
9838
9840
9842
9844
9846
9848
9850
9852
9854
9856
9858
9860
9862
9864
9866
26252
9870
9872
9874
9876
9878
9880
9882
9884
9886
9888
9890
9892
9894
9896
9898
9900
9902
9904
9970
9972
9974
9976
9978
9980
9982
9984
9986
9988
9990
9992
9994
9484
9998
10000
10002
10004
10006
10008
10010
10012
10014
10016
10018
10020
10022
10024
10026
10028
10030
10032
10034
10036
10038
10040
10042
10044
10046
10048
10050
10052
10054
10056
10058
10060
10062
10064
10066
10068
10070
10072
10074
10076
10078
10080
10082
10084
10086
10088
10090
10092
10094
10096
10098
10100
10102
10104
10106
10108
10110
10112
10114
10116
10118
10120
10122
10124
10126
10128
10130
10132
10134
10136
10138
10140
10142
10144
10146
10148
10150
10154
10154
10156
10158
10160
10162
10164
10166
10168
10170
10172
10174
10176
10178
10180
10182
10184
10186
10188
10190
10192
10194
10196
26582
10200
10202
10204
10206
10208
10210
10212
10214
10216
10218
10220
10222
10224
10226
10228
10230
10232
10234
10236
10238
10240
10242
10244
10246
10248
10250
10252
10254
10256
10258
10260
10262
10264
10266
10268
10302
10272
10274
10276
10278
10280
10282
10284
10286
10288
10290
10292
10294
10296
10298
10300
10302
10304
10306
10308
10310
10312
10314
10316
10318
10320
10322
10324
10326
10328
10330
10332
10334
10336
10338
10340
10342
10344
10346
10348
10350
10352
10354
10356
10358
10360
10362
10364
10366
10368
10370
10372
10374
10376
-22390
10380
10382
10384
10386
10388
10390
10392
10394
10396
10398
10400
10402
10404
10406
10408
10410
10412
10414
10416
10418
10420
10422
10424
10426
10428
10430
10432
10434
10436
10438
10440
10442
10444
10446
10448
10450
10452
10454
10456
10458
10460
10462
10464
10466
10468
10470
10472
10474
10476
10478
10480
10482
10484
10486
10488
10490
10492
10494
10496
10498
10500
10502
10504
10506
10508
10510
10512
10514
10516
10518
10520
10522
10524
10526
10528
10530
10532
10534
10536
10538
10540
10542
10544
10546
10548
10550
10552
10554
10556
10558
10560
10562
10564
10566
10568
10570
10572
10574
10576
10578
10580
10580
9048
10586
10588
10590
10592
10594
10596
10598
10600
10602
10604
10606
10608
10610
10612
10614
10616
10618
10620
10622
10624
10626
10628
10630
10632
10634
10636
10638
10640
10642
10644
10646
10648
10650
10652
10654
10656
10658
10660
10662
10664
10666
10668
10670
10672
10674
10676
10678
10680
10682
10684
10686
10688
10690
10564
10694
10696
10698
10700
10702
10704
10706
10708
10710
10712
10714
10716
10718
10720
10722
10724
10726
10728
10730
10732
10734
10736
10738
10740
10742
10744
10746
10748
10750
10752
10754
10756
10758
10760
10762
10764
10766
10768
10770
10772
10774
10776
10778
10780
10782
10784
10786
10788
10790
10792
10794
10796
10798
11824
10802
10804
10806
10808
10810
10812
10814
10816
10818
10820
10822
10824
10826
27212
10830
10832
10834
10836
10838
10840
10842
10844
10846
10848
10850
11876
10854
10856
10858
10860
10862
10864
10866
10868
10870
10872
10874
10876
10878
10880
10882
10884
10886
10888
10890
10892
10894
10896
10898
10900
10902
10904
10906
10908
10910
10912
10914
10916
10918
10920
10922
10924
10926
10928
10930
10932
10934
10936
10938
10940
10942
10944
10946
10948
10950
10952
10954
10956
10958
10960
10962
10964
10966
10968
10970
10972
10974
10976
10978
10980
10982
10984
10986
10988
10990
10992
10866
10996
10998
11000
11002
11004
11006
11008
11010
11012
11014
11016
11018
11020
11022
11024
11026
11028
11030
11032
11034
11036
11038
2848
11042
11044
11046
11048
11050
11052
11054
11056
11058
11060
11062
11064
11066
11068
11070
11072
11074
11076
11078
11080
11082
11084
11086
11088
11090
11092
11094
11096
11098
11100
11102
11104
11106
11108
11110
11112
11114
11116
11118
11120
11122
11126
11126
11128
11130
11132
11134
11136
11138
11140
11142
11144
11146
11148
11150
11152
11154
11156
11158
11160
11162
11164
11166
11168
11170
11172
11174
11176
11178
11180
11182
11184
11186
11188
11190
11192
11194
11196
11198
11200
11202
11204
11238
11208
11210
11212
11214
11216
11218
11220
11222
11224
11226
11228
11230
11232
11234
11236
11238
10728
11242
11244
11246
11248
11250
11252
11254
11256
11258
11260
11262
11264
11266
11268
11270
11272
11274
11276
11278
11280
11282
11284
11542
11288
11290
11292
11294
11296
11298
11300
11302
11304
11306
11308
11310
11312
11314
11316
11318
11320
11322
11324
11326
11328
11330
11332
11334
11336
11338
11340
11342
11344
11346
11348
11350
11352
11354
11356
11358
11360
11330
11364
11366
11368
11370
11372
11374
11376
11378
11380
11382
11384
11386
11388
11390
11392
11394
11396
11430
11400
11402
11404
11406
11408
11410
11412
11414
11416
11418
11420
11422
11424
11426
11428
11430
11432
11434
11436
11438
11440
11442
11444
11446
11448
11450
11452
11454
11456
11458
11460
11462
11464
11466
11468
11470
11344
11474
11476
11478
11480
11482
11484
11486
11488
11490
11492
11494
10472
11498
11500
11502
11504
11506
11508
11510
11512
11514
11516
11518
11584
11522
11524
11270
11272
11274
11276
11278
11280
11282
11284
11286
11288
11290
11292
11294
11296
11298
11300
11302
11304
11306
11308
11310
11312
11314
11316
11318
11320
11322
-21444
-21442
11328
11330
11332
11334
15432
11338
11340
11342
11344
11346
11348
11350
11352
11354
11356
11358
11364
11362
11364
11366
11368
11370
11372
11374
15472
11378
11380
11382
11384
11386
11388
11374
11496
11362
11372
11374
11376
11378
11380
11382
11384
11386
11388
11390
11392
11394
11396
11398
11400
11402
11404
11406
11408
11410
11412
11414
11416
11418
11420
11422
11424
11426
11428
11430
11432
11434
11436
11438
11440
11442
11444
11446
11448
11450
11452
11454
11392
11394
11396
11398
11400
11402
11404
11406
11408
11410
11412
11414
11416
11418
11420
11422
11424
11426
11428
11430
11432
11434
11436
11438
11440
11442
11444
11446
11448
11450
11452
11454
11456
11458
11460
11462
11464
11466
11468
11470
11472
11474
11476
11478
11480
11486
11484
11486
11488
11490
11492
11494
11496
11498
11500
11502
11504
11506
11508
11510
12024
11514
11516
11518
11520
11522
11524
11526
11528
11530
11532
11534
11536
11538
11540
11542
11544
11546
11548
11550
11552
11554
11556
11558
11560
11562
11564
11566
12080
11570
11572
11574
11576
11578
11580
11582
11584
11586
11588
11590
11592
11594
11596
11598
11600
11602
11604
11606
11608
11610
11612
11614
11617
11618
11620
11622
11624
11626
28012
11630
11632
11634
11636
11638
11640
11642
11644
11646
11648
11650
11652
11654
11656
11658
11660
11662
11664
11666
11668
11670
11672
11674
11676
11678
11680
11682
11684
11686
11688
11690
11692
11694
11696
11698
11700
11698
11704
11706
11708
11710
11712
11714
11716
11718
11720
11722
11724
11726
11728
11730
11732
11734
11736
11738
11740
11742
11744
11746
11748
11750
11752
11754
3564
11758
11760
11762
11764
11766
11768
11770
11772
11774
11776
11778
11780
11782
11784
11786
11788
11790
11792
11794
11796
11798
11800
11802
11804
11806
11808
11810
11812
11814
11816
11818
11820
11822
11824
11826
11828
11830
11832
11834
11836
11838
11840
11842
11844
11846
11848
11850
11852
11854
11856
11858
11860
11862
11864
11866
11868
11870
11872
11874
11876
11878
11880
11882
11884
11886
11888
11890
11892
11894
11896
11898
11900
11902
11904
11906
11908
11910
11912
11914
11916
11918
11920
11922
11924
11926
11928
11930
11932
11934
11936
11938
11940
11942
11944
11946
11948
11950
11952
11954
11956
11958
11960
11962
11964
11966
11968
11970
11972
11974
11976
11978
11980
11982
11984
28370
11988
11990
11992
11994
11996
11998
12000
12002
12004
10982
12008
12010
12012
12014
12016
12018
12020
12022
12024
12026
12028
12030
12032
12034
12036
12038
12040
12042
12044
12046
12048
12050
11028
12054
12056
12058
12060
12062
12064
12066
12068
12070
12072
12074
12076
12078
12080
12082
12084
12086
12088
12090
12092
12094
12096
12098
12100
12102
12104
12106
12108
12110
12112
12114
12116
12118
12120
12122
12124
12126
12128
12130
12132
12134
12136
12138
12140
12142
12144
12146
12148
12150
12152
12154
12156
12158
12160
12162
12164
12166
12168
12170
12044
12174
12240
12178
12180
12182
12184
12186
12188
12190
12192
12194
12196
12198
12200
12202
12204
12206
12208
12210
12212
12214
12216
12218
12220
12222
12224
12226
12228
12230
12232
12234
12236
12238
12240
12242
12244
12246
12248
12250
12252
12254
12256
12258
12260
12262
12264
12266
12268
12270
12272
12274
12276
12278
12280
12282
12284
12286
12288
12546
12292
12294
12296
12298
12300
12302
12304
12306
12308
12310
12312
12298
12316
12318
12320
12322
12324
12326
12328
12330
12332
12334
12336
12338
12340
12342
12344
12346
12348
12350
12352
12354
12356
12358
12360
12362
12364
12366
12368
12370
12372
12374
12376
12378
12380
4190
12384
12386
12388
12390
12392
12394
12396
12398
12400
12402
12404
12406
12408
12410
12412
12414
12416
12418
13444
12422
12424
12426
12428
12430
12432
12434
12436
12438
12440
12442
12444
12446
12448
12450
12452
12454
12456
12458
12460
12462
12464
12466
12468
12470
12472
12474
12476
12478
12480
12482
12484
12486
12480
12490
12492
12494
12496
12498
12500
12502
12504
12506
12508
12510
12512
12514
12772
12518
12520
12522
12524
12526
12528
12530
12532
12534
12536
12538
12540
12542
12544
12546
12548
12550
14600
12554
12556
12550
12560
12562
12564
12566
12312
12570
12572
12574
12576
12578
12580
12582
12584
12586
12588
12590
12592
12594
12596
12598
12600
12602
12732
12606
12608
12610
12612
12614
12616
12618
12620
12622
12624
12626
12628
12630
12632
12634
12636
12638
12640
12642
12644
12646
12648
12650
12620
12646
12656
12658
12660
12662
12648
12666
12668
29054
12672
12674
12676
12678
12680
12682
12684
12686
12696
12690
12692
12694
12696
12698
12700
12702
12704
12706
12708
12710
12712
12714
12716
12718
12720
12722
12724
12726
12728
12730
12732
12734
12736
12738
12740
12742
12744
12746
12748
12750
12752
12754
12756
12758
12760
12762
12764
12766
12768
12770
12772
12774
29160
12778
12780
12782
12784
12786
12788
12790
12792
12794
12796
12798
12800
12802
12804
12806
13832
12810
12812
12814
12816
12818
12820
-19946
12824
12826
12828
12830
12832
12834
12836
12838
12840
12842
12844
12846
12848
12850
12852
12854
12856
12858
12860
12862
13888
12866
12868
12870
12872
12874
12876
13902
12880
12882
12884
12886
12888
12890
12892
12894
12896
12898
12900
12902
12904
12906
12908
12910
12912
12914
12916
12918
12920
12922
12924
12926
12928
12930
12932
12934
12936
12938
12940
12958
12944
12946
12948
12950
12952
12954
12956
12954
12956
12958
12960
12962
12964
12966
12968
12970
12972
12974
12976
12978
12980
12982
12984
12986
12988
12990
12992
4802
12996
12998
13000
13002
13004
13006
13008
13010
13012
13014
13016
13018
13020
13022
13024
13026
13028
13030
13032
13034
13036
13038
13040
13042
13044
13046
13048
13051
13052
13054
13056
13058
13060
13062
13064
13066
13068
13070
13072
13074
13076
13078
13080
13082
13084
13086
13088
13090
13092
13094
13096
13098
13100
13102
13104
13106
13108
13110
13112
13114
13116
13118
13120
13122
13124
13126
13128
13130
13132
13134
13136
13138
13140
13142
13144
13146
13148
13150
13152
13154
13156
13158
13160
13162
13164
13166
13168
13170
13172
13174
13176
13178
13180
13182
13184
13186
13188
13190
13192
13194
13196
13198
13200
13202
13204
13206
13208
13210
13212
13214
13216
13218
12708
13222
13224
13226
13228
13294
13232
13234
13236
13238
13240
13242
13244
13246
13248
13250
13252
13254
13256
13258
13260
13262
13264
13266
13268
13270
13272
13274
13276
13278
13280
13282
13284
13286
13288
13290
13292
13294
13296
13298
13300
13302
13304
13274
13308
13310
13312
13314
13316
13318
13320
13322
13324
13326
13328
13330
13332
13334
13336
13338
13340
13342
13344
13346
13348
13414
13352
13354
13356
13358
13360
13362
13364
13366
13368
13370
13372
13374
13376
13378
13380
13382
13384
13386
13900
13390
13392
13394
13396
13398
13400
13402
13404
13406
13408
13418
13412
13414
13432
13418
13420
13422
13424
13426
13428
13430
13432
13434
13436
13438
13440
13442
13444
13446
13448
13450
13452
13454
13456
13458
13460
13462
13464
13722
13468
13470
13472
13474
13476
13478
13480
5290
13484
13486
13488
13490
13492
13494
13496
13498
13500
13502
13504
13506
13508
13510
13512
13514
13516
13518
13520
13522
13524
13526
13528
13530
13532
13534
13536
13538
13540
13542
13544
13546
13548
13550
13552
13554
13556
13558
13560
13562
13564
13566
13576
13570
13572
13574
13576
13578
13580
13582
13584
13586
13588
13590
13592
13594
13596
13598
13600
13602
13604
13606
13600
13610
13612
13614
13616
13618
13620
13622
13624
13626
13628
13630
13632
13634
9540
13638
13640
13642
13644
13646
13648
13650
13652
13654
13656
13658
13660
13662
13664
13666
13668
13670
13672
13674
13676
13678
13680
13682
13684
12662
13688
13690
13692
13694
13696
13698
13700
13702
13704
13706
13708
13710
13712
13714
14228
13718
13720
13722
13724
13726
13728
13730
13732
13734
13736
13738
13804
13742
13744
13746
13748
13750
13752
13754
13756
13758
13760
13762
13764
13766
13768
13770
13772
13774
13776
13778
13780
13782
13784
13786
13788
13790
13792
13794
13796
13798
13800
13802
13804
13806
13808
13810
13812
13814
13816
13818
13820
13822
13824
13826
13828
13830
13832
13834
13836
13838
13840
13842
13844
13846
13848
13850
13852
13854
13856
13858
13860
13862
13864
13866
13868
13870
13872
13875
13876
13878
13880
13882
13884
13886
13888
13890
13892
13894
13896
13898
13900
13902
13904
13906
13908
13910
13912
13914
13916
13918
13920
13922
13924
13926
13928
13930
13932
13934
13936
13946
13940
13942
13944
13946
13948
13950
13952
12930
13956
13958
13960
13962
13964
13966
13968
13970
13972
13974
13976
13978
13980
13978
13984
13986
13988
13990
13992
13994
30380
13998
14000
14002
14004
14006
14008
14010
14012
14014
14016
14018
14020
14022
14024
14026
14028
14030
14032
14034
14036
14038
14040
14042
14044
14046
14048
14050
14052
14054
14056
14058
14060
14062
14048
14066
14068
14070
14072
14074
14076
14078
14080
13058
14084
14086
14088
14090
14092
14094
14096
14098
14100
14102
14104
14106
14108
14110
14112
14114
14116
14118
14120
14122
14124
14126
14128
14130
14132
14134
14136
14138
14140
14142
14144
14146
14148
14150
14152
13130
14156
14158
14160
14162
14164
14166
14168
14170
14172
14174
14176
14178
14180
14182
14184
14186
14188
14190
14192
14194
14196
14198
14200
14202
14204
14206
14208
14210
14212
14214
14216
14218
14220
14222
14224
14226
14228
14230
14232
14234
14236
14238
14240
14242
14244
14246
14248
14250
14252
14254
14256
14258
14260
14262
14264
14266
14268
14270
14272
14274
14276
14278
14280
14282
14284
14286
14288
14290
14292
14294
14296
14298
14300
14302
14304
14306
14308
14310
14312
14314
14316
14318
14320
14322
14324
14326
14328
14330
14332
14334
14336
14338
14340
14342
14344
14346
14348
14350
14352
14354
14356
14358
15384
14362
14364
14366
14368
14370
14372
14374
14376
14378
14380
14382
14384
14386
14388
14358
14392
14394
14396
14394
14392
14394
14396
14398
14400
14402
14404
14406
14408
14410
14412
14414
14416
14418
14420
14422
14424
14426
14428
14430
14432
14434
14436
14438
14440
14442
14444
14446
14448
14450
14452
14454
14456
14458
14460
14462
14464
14466
14468
14470
14472
14474
14476
14478
14480
14482
14484
14486
14488
14490
14492
14494
14496
14498
14500
14502
14504
14506
14508
14510
14512
14514
14516
14518
14520
14522
14524
14526
14528
14530
14532
14534
14536
14538
14540
14542
14544
14546
14548
14550
14552
14554
14556
14558
14560
14562
14564
14566
10472
6378
14572
14574
14576
14578
14580
14582
14584
14586
14588
14590
14592
14594
14596
14598
14600
14602
14605
14606
14608
14610
14612
14614
14616
14618
14620
14622
14624
14626
14628
14630
14632
14634
14636
14638
14640
14642
14644
14646
14648
14650
14652
14654
14656
14658
14660
14662
14664
14666
14668
14670
14672
14674
14676
14678
14680
14682
14684
14686
14688
14690
14692
14694
14696
14698
14700
14702
14704
14706
14708
14710
14712
14842
14716
14718
14720
14722
14724
14726
14728
14730
14732
14734
14736
14738
14740
14742
14744
14746
14748
14750
14752
14754
14756
14758
14760
14762
14764
14766
14768
14770
14772
14774
14776
14778
14780
14782
14784
14786
14788
14790
14792
14794
14796
14798
14800
14802
14804
14806
14808
14810
14812
14814
14816
14754
14820
14822
14792
14826
31212
14830
14832
14834
14836
14838
14840
14842
14844
14846
14848
14850
14852
14854
14856
14858
14860
14862
14864
15122
14868
14870
14872
14874
14876
14878
10784
14882
14884
14886
14888
14890
14892
14894
14896
14898
14900
14902
14904
14906
14908
14878
14912
14914
14916
14918
14920
14922
14924
14926
14928
14930
14932
14934
14936
14938
14940
14942
14944
14946
14948
14438
14952
14954
14956
14958
14960
14962
14964
14966
14968
14970
14972
14974
14976
14978
14980
14982
14984
14986
14988
14990
14992
14994
14996
14998
15000
15002
15004
15006
15008
15010
15012
15014
15016
15018
15020
15022
15032
15010
15028
15030
15032
15034
15036
15038
15040
15042
15044
15046
15048
15050
15052
15054
15056
15058
15060
15062
15064
15066
15068
31454
31456
31458
31460
31462
31464
31466
31468
31470
31472
31474
31476
31478
31480
31482
31484
31486
31488
31490
31492
31494
31496
31498
31500
31502
31504
31506
31508
31510
31512
31514
31516
31518
31520
31522
31524
31526
31528
31594
31532
31534
31536
31538
31540
31542
31544
31546
31548
31550
31552
31554
31556
31558
31560
31562
31564
31566
31568
31570
31572
31574
31576
31578
31580
31582
31584
31586
31588
31590
31592
31594
31596
31598
31600
31602
31604
31606
31608
31610
31612
31614
31616
31618
31620
31622
31624
31626
31628
31630
31632
31634
31636
31638
31640
31642
31644
31646
31648
31650
31652
31654
31656
31658
31660
31662
31664
31666
31668
31670
31672
31674
31676
31678
31680
31682
31684
31686
31688
31690
31692
31694
31696
31698
31700
31702
31704
31706
31708
31710
31712
31714
31716
31718
31720
31722
31724
31726
31696
31730
31732
31734
31736
31738
31740
31742
31744
31746
31748
31750
31752
31754
31756
31758
31760
31762
31764
31766
31768
31770
31772
31774
31776
31778
31780
31782
31784
31786
31788
31790
31792
31794
31796
31798
31800
31802
31804
31806
31808
31810
31812
31814
31816
31818
31820
31822
31824
31826
31828
31830
31832
31834
31836
31838
31840
31842
31844
31846
31848
31850
31852
31854
31856
31858
31860
31862
31864
31866
31868
31870
31872
31874
31884
31878
31880
31882
31884
31878
31888
31890
31892
31894
31896
31898
31900
31902
31904
31906
31908
31910
31912
31914
31916
31918
31920
31922
31924
31926
31928
31930
31932
31934
31936
31938
31940
31942
31944
31946
31948
31950
31952
31954
31956
31958
31960
31962
31964
32478
31968
31970
31972
31974
31976
31978
31980
31982
31984
31986
31988
31990
31992
31994
31996
31998
32000
32002
32004
32006
32008
32010
32012
32014
32016
32018
32020
32022
32024
32026
32028
32030
32032
32034
32036
32038
32040
32042
32044
32046
32048
32050
32052
32054
32056
32058
32060
32062
32064
32066
32068
32070
32072
32074
32076
32078
32080
32082
32084
32086
32088
32090
32092
32094
32096
32098
32100
32102
32104
32106
32108
32110
32112
32114
32116
32118
32120
32122
32124
32126
32128
32130
32132
32134
32136
32138
32140
32142
32144
32146
32148
32150
32152
32154
32156
32158
32160
32162
32164
32166
32168
32170
32172
32174
32176
32690
32180
32182
32184
32186
32188
32190
32192
32194
32196
32198
32200
32202
32204
32206
32208
32210
32212
32214
32216
32218
32220
15838
32224
32226
32228
32230
32232
32234
31212
32238
32240
32242
32244
32246
32248
32250
32252
32254
32256
32258
32260
32262
32264
32264
32268
32270
32272
32274
32276
32278
32280
32282
32284
32286
32288
32290
32292
32294
32296
32298
32300
32302
32304
32306
32308
32310
32312
32314
32316
32318
32320
32322
32324
32326
32328
32330
32332
32334
32336
32338
32340
32342
32344
32346
32348
32350
32352
32354
32356
32358
32360
32362
32380
32366
32368
32370
32372
32374
32376
32378
32380
32382
32384
32386
32388
32390
32392
32394
32396
32398
32400
32402
32404
32406
32408
32410
32412
32286
32416
32418
32420
32422
32424
32426
32428
32430
32432
32434
32436
32438
32440
32442
32444
32446
30400
32450
-316
32454
32456
32458
32332
32462
32464
32466
32468
32470
32472
32474
32476
32478
32480
32482
32484
32486
32488
32490
32492
32494
32496
32498
32500
32502
32504
32506
32508
32478
32512
32514
32516
32518
32520
32522
32524
32526
32528
32530
32532
32534
32536
32538
32540
32542
32552
32546
32548
32550
32552
32554
32556
32558
32560
24370
32564
32566
32568
32570
32572
32574
32576
32578
32580
32582
32584
32586
32588
32590
32592
32594
32596
30550
32600
32602
32604
32606
32608
32610
32612
32614
32616
32618
32620
32622
32624
32626
32628
32630
32632
32634
32636
32638
32640
32642
32644
32646
32648
32682
32652
32654
32656
32658
32660
32662
32664
32666
32668
32670
32672
32674
32676
32678
32680
32682
32684
32686
32688
32690
32692
32694
32696
32698
32700
32702
32704
32706
32708
32710
32712
32714
32716
32718
32720
32722
32724
32726
32728
32730
32732
32734
32736
32738
32740
32742
32745
32746
32748
32750
32752
32754
32756
32758
32760
32762
32764
32766
-32768
-32766
-32764
-32762
-32760
-32758
-32756
-32754
-32752
-32750
-32748
-32746
-32744
-32742
-32740
-32738
-32736
-32734
-32732
-32730
-32728
-32726
-32724
-32722
-32720
-32718
-32716
-32714
-32712
-32710
-32708
-32706
-32704
-32702
-32700
-32698
-32696
-32694
-32692
-32690
-32688
-32686
-32684
-32682
-32680
-32678
-32676
-32674
-32672
-32670
-32668
-32666
-32664
-32662
-32660
-32658
-32656
-32654
-32652
-32654
-32648
-32646
-32644
-32642
-32640
-32638
-32636
-32634
-32632
-32630
-32628
-32626
-32624
-32622
-32620
-32618
-32616
-32614
-32612
-32610
-32608
-32606
-32604
-32602
-32600
-32598
-32596
-32594
-32592
-32590
-32588
-32586
-32584
-32582
-32580
-32578
-32576
-32574
-32572
-32570
-32568
-32566
-32564
-30514
-32560
-32550
-32556
-32554
-32552
-32550
-32548
-32546
-32544
-32542
-32540
-32538
-32536
-32534
-32532
-32530
-32528
-32526
-32524
-32522
-32520
-32518
-32516
-32514
-32512
-32510
-32508
-32506
-32504
-32502
-32500
-32498
-32496
-32494
-32492
-32490
-32488
-32486
-32484
-32482
-32480
-32478
-32476
-32474
-32472
-32470
-32468
-32466
-32464
-32462
-32460
-32458
-32456
-32454
-32452
-32450
-32416
-32446
-32444
-32442
-32440
-32438
-32436
-32434
-32432
-32430
340
-32426
-32424
-32422
-32420
-32418
-32416
-32414
-32412
-32410
-32408
-32406
-32404
-32402
-32400
-32398
-32396
-32394
-32392
-32390
-32388
-32386
-32384
-32382
-32380
-32378
-32376
-32374
-32372
-32370
-32368
-32366
-32364
-32362
-32360
-32358
-32356
-32354
-32352
-32350
-32348
-32346
-32344
-32342
-32340
-32338
-32336
-32334
-32332
-32330
-32328
-32326
-32324
-32322
-32320
-32318
-32316
-32314
-32312
-32310
-32308
-32306
-32304
-32302
-32300
-32298
-32296
-32294
-32292
-32290
-24096
-32286
-32284
-32282
-32280
-32278
-32276
-32274
-32272
-32270
-32268
-32266
-32264
-32262
-32260
-32258
-32256
-32254
-32252
-32250
-32248
-32246
-32244
-32242
-32240
-32238
-32236
-32234
-32232
-32230
-32228
-32226
-32224
-32222
-32220
-32218
-32216
-32214
-32212
-32210
-32208
-32206
-32204
-32202
-32200
-32198
-32196
-32194
-32192
-32190
-32188
-32186
-32184
-32182
-32180
-32178
-32176
-32174
-32172
-32170
-32168
-32166
-32164
-32162
-32160
-32158
-32156
-32154
-32152
-32150
-32148
-32146
-32144
-32142
-32140
-32138
-32136
-32134
-32132
-32130
-32128
-32126
-32124
-32122
-32120
-32118
-32116
-32114
-32112
-32110
-32108
-32106
-32104
-32102
-32100
-32098
-32096
-32094
-32092
-32090
-32088
-32086
-32084
-32082
-32080
-32078
-32076
-32074
-32072
-32070
-32068
-32066
-32064
-32062
-32060
-32058
-32056
-32054
-32052
-32050
-32048
-32046
-32044
-32042
-32040
-32038
-32036
-32034
-32032
-32030
-32028
-32026
-32024
-32022
-32020
-32018
-32016
-32014
-32012
-32010
-32008
-32006
-32004
-32002
-32000
-31998
-31996
-31994
-31992
-31990
-31988
-31986
-31984
-31982
-31980
-31978
-31976
-31974
-31972
-31970
-31968
-31966
-31964
-31962
-31960
-31958
-31956
-31954
-31952
-31950
-31948
-31946
-31944
-31942
-31940
-31938
-31936
-31934
-31932
-31930
-31928
-31926
-31924
-31922
-31920
-31918
-31916
-31914
-31912
-31910
-31908
-31906
-31904
-31902
-31900
-31898
-31896
-31894
-31892
-31890
-31888
-31886
-31884
-31882
-31880
-31878
-31876
-31874
-31872
-31870
-31868
-31866
-31864
-31862
-31860
-31858
-31856
-31854
-31852
-31850
-31848
-31846
-31844
-31842
-31840
-31838
-31836
-31834
-31832
-31830
-31828
-31826
-31824
-31822
-31820
-31818
-31816
-31814
-31812
-31810
-31808
-31806
-31804
-31802
-23608
-31798
-31796
-31794
-31792
-31790
-31788
-31786
-31784
-31782
-31780
-31778
-31776
-31774
-31772
-31770
-31768
-31766
-31764
-31762
-31760
-31758
-31756
-31754
-31752
-31750
-31748
-31746
-31744
-32766
-23548
-31738
-31736
-31734
-31732
-31730
-31728
-31726
-31724
-31722
-31720
-31718
-15332
-31714
-31712
-31710
-31708
-31706
-31704
-31702
-31700
-31698
-31696
-31694
-31692
-31690
-31688
-31686
-31684
-31682
-31680
-31678
-31676
-31674
-31672
-31670
-31668
-31666
-31664
-31662
-31660
-31658
-31656
-31654
-31652
-31650
-31648
-31646
-31636
-31642
-31640
-31638
-31636
-31618
-31616
-31614
-31612
-31610
-31608
-31606
-31604
-31602
-31600
-31598
-31596
-31594
-31592
-31590
-31588
-31586
-31584
-31582
-31580
-31578
-31576
-31574
-31572
-31570
-31568
-31566
-31564
-31562
-31560
-31558
-31556
-31554
-31552
-31550
-31548
-31546
-31544
-31542
-31540
-31538
-31536
-31534
-31532
-31530
-31528
-31526
-31524
-31522
-31520
-31518
-31516
-31514
-31512
-31510
-31508
-31506
-31504
-31502
-31500
-31498
-31496
-31494
-31492
-31490
-31488
-31486
-31484
-31482
-31480
-31478
-31476
-31474
-31472
-31470
-31468
-31466
-31464
-31462
-31460
-31474
-31456
-31454
-31452
-31450
-31448
-31446
-31444
-31442
-31440
-31438
-31436
-31434
-31432
-31430
-31428
-31426
-31424
-31422
-31420
-31418
-31416
-31414
-31412
-31410
-31408
-31406
-31404
-31402
-31400
-31398
-31396
-31394
-31392
-31390
-31452
-31386
-31384
-31382
-31380
-31378
-31376
-31374
-31372
-31370
-31368
-31366
-31364
-31362
-31360
-31358
-31356
-31354
-31352
-31350
-31348
-31346
-31344
-31342
-32364
-31338
-31336
-31334
-31332
-31330
-31328
-31326
-31324
-31322
-31320
-31318
-31316
-31314
-31312
-31310
-31308
-31306
-31304
-31302
-31300
-31298
-31296
-31294
-31292
-31290
-31288
-31286
-31284
-31282
-31278
-31278
-31276
-31274
-29224
-31270
-31268
-31266
-31264
-31262
-31260
-31258
-31256
-31254
-31252
-31250
-31248
-31246
-31244
-31242
-31236
-31238
-31236
-31234
-31232
-31230
-31228
-31226
-31224
-31222
-31220
-31218
-31216
-31214
-31212
-31210
-31208
-31206
-31204
-31202
-31200
-31198
-31196
-31194
-31192
-31190
-31188
-31186
-31184
-31182
-31180
-31178
-32200
-31174
-31172
-31170
-31168
-31166
-31164
-31162
-31160
-31158
-31156
-31154
-31152
-31150
-31148
-31146
-31144
-31142
-31140
-31138
-31136
-31134
-31132
-31130
-31128
-31126
-31124
-31122
-31120
-31118
-31116
-31114
-31112
-31110
-31108
-31106
-31104
-31102
-31100
-31098
-31096
-31094
-31092
-31090
-31088
-31086
-31084
-31082
-31080
-31078
-31076
-31074
-31072
-31070
-31068
-31066
-31064
-31062
-31060
-31058
-31056
-31054
-31052
-31050
-31048
-31046
-31044
-31042
-31040
-31038
-31004
-31034
-31032
-31030
-31028
-31026
-31024
-31022
-31020
-31018
-31016
-31014
-31012
-31010
-31008
-31006
-31004
-31002
-31000
-30998
-30996
-30994
-30992
-30990
-30988
-30986
-30984
-30982
-30980
-30978
-30976
-30974
-30976
-30970
-30968
-30966
-30964
-30962
-30960
-30958
-30956
-30954
-30952
-30950
-30948
-30946
-30944
-30942
-30940
-30938
-30920
-30934
-30932
-30930
-30928
-30926
-30924
-30922
-30920
-30918
-30916
-30914
-30912
-30910
-30908
-30906
-30904
-30902
-30900
-30898
-30896
-30894
-30892
-30890
-30888
-30886
-30884
-30882
-30880
-30878
-30876
-30874
-30872
-30870
-30868
-30866
-30864
-30862
-30860
-30858
-30856
-30854
-30852
-30850
-30848
-30846
-30844
-30842
-30840
-30838
-30836
-30834
-30832
-30830
-30828
-30826
-30824
-30822
-30820
-30818
-30816
-30814
-30812
-30810
-30808
-30806
-30804
-30802
-30800
-30798
-30796
-30794
-30792
-30790
-30788
-30786
-30784
-30782
-30780
-30778
-30776
-30774
-30772
-30770
-30896
-30766
-30764
-30762
-30760
-30758
-30756
-30754
-30752
-30750
-30748
-30746
-30744
-30742
-30740
-30738
-30736
-30734
-30732
-30730
-30728
-30726
-30724
-30722
-30720
-30718
-30716
-30714
-30712
-30710
-30708
-30706
-30704
-30702
-30700
-30698
-30696
-30694
-30692
-30690
-30688
-30686
-30684
-30682
-30680
-30678
-30676
-30674
-30672
-30670
-30668
-30666
-30664
-30662
-30660
-30658
-30656
-30654
-30652
-30650
-30648
-30646
-30644
-30642
-30640
-30638
-30636
-30634
-30632
-30630
-30628
-30626
-30624
-30622
-30620
-30618
-30616
-30614
-30612
-30610
-30608
-30606
-30604
-30602
-30600
-30598
-30596
-30594
-30592
-30590
-30588
-30586
-30584
-30582
-30580
-30578
-30576
-30574
-30572
-30570
-30568
-30566
-30564
-30562
-30560
-30558
-30556
-30554
-30552
-30550
-30548
-30546
-30544
-30542
-30540
-30538
-30536
-30534
-30532
-30530
-30528
-30526
-30524
-30522
-30520
-30518
-30516
-30514
-30512
-30254
-30508
-30506
-30504
-30502
-30500
-30498
-30496
-30494
-30492
-30490
-30488
-30486
-30484
-30482
-30480
-30478
-30476
-30474
-30472
-30470
-30468
-30466
-30464
-30462
-30460
-30458
-30456
-30454
-30452
-30450
-30448
-30446
-30444
-30442
-30440
-30438
-30436
-30434
-30432
-30430
-30428
-30426
-30424
-30422
-30420
-30418
-30416
-30414
-30412
-30410
-30408
-30406
-30404
-30402
-30400
-30398
-30396
-30394
-30392
-30390
-30388
-30386
-30384
-30382
-30380
-30378
-30376
-30374
-30372
-30370
-30372
-30370
-30368
-30366
-30364
-30362
-30360
-30358
-30356
-30354
-30352
-30350
-30348
-30346
-30344
-30342
-30340
-13954
-13952
-30334
-30332
-30330
-30328
-30326
-30324
-30322
-30320
-30318
-30316
-30314
-30312
-30310
-30308
-30306
-30304
-30302
-30300
-30298
-30296
-30294
-30292
-30290
-30288
-30286
-30284
-30282
-30280
-30278
-30276
-30274
-30272
-30270
-30268
-30266
-30264
-30262
-30260
-30258
-30256
-30254
-30252
-30250
-30248
-30246
-30244
-30242
-30240
-30238
-30236
-30234
-30232
-30230
-30228
-30226
-30224
-30218
-30220
-30218
-30216
-30214
-30212
-30210
-30208
-30206
-30204
-30202
-30200
-30198
-30200
-30194
-30192
-30190
-30188
-30186
-30184
-30182
-30180
-30178
-30176
-30174
-30172
-30170
-30168
-30166
-30164
-30162
-30160
-30158
-30156
-30154
-30152
-30150
-30148
-30146
-30144
-30142
-30140
-30138
-30136
-30134
-30132
-30130
-30128
-30126
-30124
-30122
-30120
-30118
-30116
-30114
-30112
-30174
-30108
-30106
-30104
-30102
-30100
-30098
-30096
-30094
-30092
-30090
-30088
-30086
-30084
-30082
-30080
-30078
-30076
-30074
-30072
-30070
-30068
-30066
-30064
-30062
-30060
-30058
-30056
-30054
-30052
-30050
-30048
-30046
-30044
-30042
-30040
-30038
-30036
-30034
-30032
-30030
-30028
-30026
-30024
-30022
-30020
-30018
-30016
-30014
-30012
-30010
-30008
-30006
-30004
-30002
-30000
-29998
-29996
-29994
-29992
-29990
-29988
-29986
-29984
-29982
-29980
-29978
-29976
-29974
-29972
-29970
-29968
-30094
-29964
-29962
-29960
-29958
-29956
-29954
-25856
-29950
-29948
-29946
-29944
-29942
-29940
-29938
-29936
-29934
-29932
-29930
-29928
-29926
-29924
-29922
-29920
-28894
-29916
-29914
-29912
-29910
-29844
-29906
-29903
-29902
-29900
-29898
-29896
-29894
-29892
-29890
-29888
2882
-29884
-29882
-29880
-29878
-29876
-29874
-29872
-29872
-29868
-29862
-29862
-29860
-29858
-29856
-29854
-29852
-29850
-29848
-29846
-29844
-29842
-30096
-29838
-29836
-29834
-29832
-29830
-29828
-29826
-29824
-29822
-29820
-29818
-29824
-29814
-29812
-29810
-29808
-29806
-29804
-29738
-29800
-29798
-29796
-29794
-29824
-29790
-29788
-29786
-29784
-30294
-29780
-29778
-29776
-29774
-29772
-29770
-29768
-29766
-29764
-29762
-29760
-29758
-29756
-29754
-29752
-29750
-29748
-29746
-29744
-29742
-29740
-29738
-29736
-29734
-29732
-29698
-29728
-29726
-29724
-29722
-29720
-29714
-29716
-29714
-29712
-29710
-29708
-29706
-29704
-29702
-29700
-29698
-29696
-29694
-29692
-29690
-29688
-29686
-29684
-29682
-29680
-29678
-29676
-29674
-29672
-29670
-29668
-29666
-29664
-29662
-29660
-29658
-29656
-29654
-29652
-29650
-29648
-29646
-29644
-29642
-29640
-29638
-29636
-30658
-29632
-29118
-29628
-29626
-29624
-29622
-29620
-29618
-29616
-29614
-29612
-29610
-29608
-29606
-29604
-29602
-29600
-29598
-29596
-29594
-29592
-29590
-29588
-29586
-29584
-29582
-29580
-29578
-29576
-29574
-29572
-29570
-29568
-29566
-29564
-29562
-29560
-29558
-29556
-29554
-29552
-29550
-29548
-29546
-29544
-29542
-29540
-29538
-29536
-29534
-29532
-29530
-29528
-29526
-29524
-29522
-29520
-29518
-29516
-29514
-29512
-29510
-29508
-29506
-29504
-29502
-29500
-29498
-29496
-29494
-29492
-29490
-29488
-29486
-29484
-29482
-29480
-29478
-29476
-29474
-29472
-29470
-29468
-29466
-29464
-29462
-29460
-29522
-29456
-29454
-29452
-29450
-29448
-29446
-29444
-29442
-29440
-29438
-29436
-29434
-29432
-29430
-29428
-29426
-29424
-29422
-29420
-29418
-29414
-29414
-29412
-29410
-29408
-29406
-29404
-29402
-29400
-29398
-29396
-29394
-29392
-29390
-29388
-29386
-29384
-29382
-29380
-29378
-29376
-29374
-29372
-29370
-29376
-29366
-29364
-29362
-29358
-29358
-29356
-29354
-29352
-29350
-29348
-29346
-29344
-29342
-29340
-29338
-29336
-29334
-29332
-29330
-29328
-29326
-29324
-29322
-29320
-29318
-29316
-29314
-29312
-29310
-29308
-21114
-29304
-29302
-29300
-29298
-29296
-29294
-29292
-29290
-29288
-29286
-29284
-29282
-29280
-29278
-29276
-29274
-29272
-29270
-29268
-29266
-29264
-29262
-29260
-29258
-29256
-29254
-29252
-29250
-29248
-29246
-29244
-29242
-29240
-29238
-29236
-29234
-29232
-29230
-29228
-29226
-29224
-29222
-29220
-29218
-29216
-29214
-29212
-29210
-29208
-29206
-29204
-29202
-29200
-29198
-29196
-29194
-29192
-29190
-29188
-29186
-29184
-29182
-29180
-29178
-29176
-29174
-29172
-29170
-29184
-29166
-29164
-29162
-29160
-29158
-29156
-29154
-29152
-29150
-29148
-29146
-29144
-29142
-29140
-29138
-29136
-29134
-29132
-29130
-29128
-29126
-28868
-29122
-28992
-29118
-29116
-29114
-29112
-29078
-29108
-29106
-29072
-29102
-29100
-29098
-29096
-29094
-29092
-29090
-20910
-29068
-29066
-29064
-29062
-29060
-29058
-29056
-29054
-28796
-29050
-29048
-29046
-29044
-29042
-29040
-29038
-29036
-29034
-29032
-29030
-30052
-29026
-29024
-29022
-29020
-29018
-29016
-29014
-29012
-29010
-29008
-29006
-29004
-29002
-29000
-28998
-28996
-28994
-28992
-28990
-28988
-28986
-28984
-28982
-28980
-28978
-28976
-28974
-28972
-28970
-28968
-28966
-28964
-28962
-28960
-28958
-28956
-28954
-28952
-28950
-28948
-28946
-28944
-28942
-28940
-28938
-28936
-28934
-28932
-28930
-28928
-28926
-28924
-28922
-28920
-28918
-28916
-28914
-28912
-28910
-28908
-28906
-28904
-28902
-28900
-28898
-28896
-28894
-28892
-28890
-28824
-28886
-28884
-28882
-28880
-28878
-28876
-28874
-28872
-28870
-28868
-28866
-28864
-28862
-28860
-29370
-28856
-28854
-28852
-28850
-28848
-28846
-28844
-28842
-28840
-28838
-28836
-28834
-28832
-28830
-28828
-28826
-28824
-28822
-28820
-28818
-28816
-28814
-28812
-28810
-28808
-28806
-28804
-28802
-28800
-28798
-28796
-28794
-28792
-28790
-28788
-28786
-28784
-28782
-28780
-28778
-28776
-28774
-28772
-28770
-28768
-28766
-28764
-29274
-29272
-29270
-29268
-29266
-29264
-29262
-29260
-29258
-29256
-29254
-29252
-29250
-29248
-29246
-29244
-29242
-29240
-29238
-29236
-31282
-29232
-29230
-29228
-29226
-29224
-29222
-29220
-29218
-29208
-29214
3556
-29210
-29208
-29206
-29204
-29202
-29200
-29198
-29196
-29194
-29192
-29190
-29188
-29186
-29184
-29182
-29180
-29178
-29176
-29174
-29172
-29170
-29168
-29166
-29164
-29162
-29160
-29158
-29156
-29154
-29152
-29150
-29084
-29146
-29144
-29142
-29140
-29138
-29136
-29134
-29132
-29130
-29128
-29126
-29124
-29122
-29120
-29118
-29116
-29114
-29111
-29110
-29108
-29106
-29104
-29102
-29100
-29098
-29096
-29094
-29092
-29090
-29088
-29086
-29084
-29082
-29080
-29078
-29076
-29074
-29072
-29070
-29068
-29066
-29064
-29062
-29060
-29058
-29056
-29054
-29052
-29050
-29048
-29046
-29044
-29042
-29040
-29038
-29036
-29034
-29032
-29030
-29028
-29026
-29024
-29022
-29020
-29018
-29016
-29014
-29012
-29010
-29008
-29006
-29004
-29002
-29000
-28998
-28996
-28994
-28992
-28990
-28988
-28986
-28984
-28982
-28980
-28978
-28976
-28974
-28972
-28970
-28968
-28966
-28964
-28962
-28960
-28958
-28956
-28958
-28952
-28950
-30996
-28946
-28944
-28942
-28940
-28938
-28936
-28934
-28932
-28930
-28928
-28926
-28924
-28922
-28920
-28918
-30964
-30962
-30976
-30958
-30956
-30954
-30952
-30950
-30948
1822
-30944
-30942
-30940
-30938
-30936
-30934
-30932
-30930
-30928
-30926
-30924
-30922
-30920
-30918
-30916
-30914
-30912
-30958
-30908
-30906
-30904
-30902
-30900
-30898
-30896
-30894
-30892
-30890
-30888
-30886
-26788
-30882
-30880
-30878
-30876
-30874
-30872
-30870
-30868
-30866
-30864
-30862
-30860
-30858
-30856
-30854
-30852
-30850
-30848
-30846
-30844
-30842
-30840
-30838
-30836
-30834
-30832
-30830
-30828
-30826
-30824
-30822
-30819
-30818
-30816
-30814
-30812
-30810
-30808
-30806
-30804
-30802
-30800
-30798
-30796
-30794
-30792
-30790
-30788
-30786
-30784
-30782
-30780
-30778
-30776
-30774
-30772
-30770
-30768
-30766
-30764
-30762
-30760
-30758
-30756
-30754
-30752
-30750
-30748
-30746
-30744
-30742
-30740
-30738
-30736
-30734
-30732
-30730
-30728
-30726
-30724
-30722
-30720
-30718
-30716
-30714
-30712
-30710
-30708
-30706
-30704
-30702
-30700
-30698
-30696
-30694
-30692
-30690
-30688
-30686
-30684
-30682
-30680
-30678
-30676
-30674
-30160
-30158
-30156
-30154
-29128
-30150
-30148
-30146
-30144
-30142
-30140
-30138
-30136
-30134
-30132
-30130
-30128
-30126
-30124
-30122
-30120
-30118
-30116
-30114
-30112
-30110
-30108
-30106
-30104
-30102
-30100
-30098
-30096
-30094
-30092
-30090
-30088
-30086
-30084
-30082
-30080
-30078
-30076
-30074
-30072
-30070
-30068
-30066
-30064
-30062
-30060
-30058
-30056
-25958
-30052
-30050
-30048
-30046
-30044
-30042
-30040
-30038
-30036
-30066
-30032
-30030
-30028
-30026
-30024
-30022
-30020
-30018
-30016
-30014
-30012
-30010
-30008
-30006
-30004
-30002
-30000
-32046
-29996
-29994
-29992
-29990
-29988
-29986
-29984
-29982
-29980
-29978
-29976
-29974
-29972
-29970
-29968
-29966
-29964
-29962
-29960
-29702
-29956
-29954
-29952
-29950
-29948
-29946
-29944
-29942
-29940
-29938
-29936
-29934
-29932
-29930
-29928
-29926
-29924
-29922
-29920
-29918
-29916
-29914
-29912
-29910
-29908
-29906
-29904
-29902
-29900
-29898
-29768
-29766
-29764
-29762
-29760
-29758
-29756
-29754
-29752
-29750
-29748
-29746
-29744
-29742
-29740
-29738
-29736
-29734
-29732
-29730
-30080
-29726
-29724
-29722
-29720
-29718
-29716
-29714
-29712
-29710
-29708
-29706
-29704
-29698
-29696
-29694
-29692
-29690
-29688
-29686
-29684
-29682
-29680
-29678
-29676
-29674
-29672
-29670
-29668
-29666
-29664
-29662
-29660
-29658
-29656
-29654
-29652
-29650
-29648
-29646
-29644
-29642
-29640
-29638
-29636
-29642
-29632
-29630
-29628
-29626
-29624
-29622
-29620
-29618
-29616
-29614
-29612
-29610
-29608
-29606
-25508
-29602
-29600
-29598
-29596
-29594
-29592
-29590
-29588
-29586
-29584
-29582
-29580
-29578
-29576
-29574
-29572
-29570
-29568
-29566
-29564
-29562
-29560
-29560
-29560
-29538
-29552
-29550
-29547
-29674
-31592
-29542
-29540
-29538
-29536
-29534
-29532
-29530
-29528
-29526
-29524
-29522
-29520
-29518
-29516
-29514
-29512
-29510
-29508
-29506
-29504
-29502
-29500
-29498
-29496
-29494
-29492
-29490
-29488
-29486
-29484
-29482
-29480
-29478
-29476
-29474
-29472
-29470
-29468
-29466
-29464
-29462
-29460
-29458
-29456
-29454
-29452
-29450
-29448
-29446
-29444
-29442
-29440
-29438
-29436
-29434
-29432
-29430
-29428
-29426
-29424
-29422
-29420
-29418
-29416
-29414
-29412
-29410
-29408
-29406
-29404
-29402
-29398
-29398
-29396
-29394
-29392
-29390
-29388
-29386
-29384
-29382
-29380
-29378
-29376
-29374
-29372
-29370
-29368
-30390
-29364
-29362
-29360
-29358
-29356
-29354
-29352
-29350
-29348
-29346
-29344
-29342
-29340
-29338
-29336
-29334
-29332
-29330
-29328
-29326
-29324
-29326
-29320
-29318
-29314
-29314
-29312
-29246
-29308
-29306
-29304
-29302
-29300
-29298
-29296
-29286
-29292
-29290
-29288
-29286
-29284
-29282
-29280
-29278
-29276
-29274
-29272
-29270
-29268
-29266
-29264
-29262
-29260
-29258
-29256
-30278
-29252
-29250
-29248
-29246
-29244
-29242
-29240
-29238
-29236
-29234
-29232
-29230
-29228
-29226
-29224
-29222
-29220
-29218
-29216
-29214
-29212
-29210
-29208
-29206
-29204
-29202
-29200
-29198
-29196
-29194
-29192
-29190
-29188
-29186
-29184
-29182
-29180
-29178
-29176
-29174
-29172
-29170
-28912
-29166
-29164
-29162
-29160
-29158
-29156
-29154
-29152
-29150
-29148
-29146
-29144
-29142
-29140
-29138
-29136
-29134
-29132
-29130
-29128
-29126
-29124
-29122
-29120
-29118
-29116
-29114
-29112
-29110
-29108
-29106
-29104
-29102
-29100
-29098
-29096
-29094
-29092
-29090
-29088
-29086
-29084
-29082
-29080
-29078
-29076
-29074
-29072
-29070
-29068
-29066
-29064
-29062
-29060
-29058
-29056
-29054
-28988
-29050
-29048
-29046
-29044
-29042
-29040
-29038
-29036
-29034
-29032
-29030
-29028
-29026
-29024
-29022
-29020
-29018
-29016
-29014
-29012
-29010
-29008
-29006
-29004
-29002
-29000
-28998
-28996
-28994
-28992
-28990
-28988
-28986
-28984
-28982
-28980
-28986
-28976
-28974
-28972
-28970
-28968
-28966
-28964
-28962
-28960
-29982
-28956
-28954
-28952
-28950
-28948
-28946
-28944
-28942
-28940
-28938
-28936
-28934
-28932
-28930
-28928
-28926
-28924
-28922
-28920
-28918
-28916
-28914
-28912
-28910
-28908
-28906
-28904
-28902
-28900
-28898
-28896
-28894
-28892
-28890
-28888
-28886
-28884
-28882
-28880
-28878
-28876
-28874
-28872
-28870
-28868
-28898
-28864
-28862
-28860
-28858
-28856
-28854
-28852
-28850
-28848
-28846
-28844
-28842
-28840
-28838
-28836
-28834
-28832
-28830
-28828
-28826
-28832
-20630
-28820
-28818
-28816
-28814
-28812
-28810
-28808
-28806
-28804
-28802
-28800
-28798
-28796
-28794
-28792
-28790
-28788
-28786
-28784
-28782
-28780
-28778
-28776
-28774
-28772
-28770
-28768
-28766
-28764
-28762
-28760
-28758
-28756
-28754
-28752
-28750
-28748
-28746
-28744
-28742
-28740
-28738
-28736
-28734
-28732
-28730
-28728
-28726
-28724
-28722
-28720
-28718
-28716
-28714
-28712
-28710
-28708
-28706
-28704
-28702
-28700
-28698
-28696
-28694
-28692
-28690
-28688
-28686
-28684
-28682
-28680
-28678
-28676
-28674
-28672
-28670
-28668
-28666
-28664
-28406
-28660
-28658
-28656
-28654
-28652
-28650
-28648
-28582
-28644
-28642
-28640
-28638
-28636
-28122
-28632
-28630
-28628
-28626
-28624
-28622
-28620
-28618
-28616
-28614
-28612
-28610
-28608
-28606
-28604
-28602
-28600
-28598
-28596
-28594
-28592
-28590
-28588
-28586
-28584
-28582
-28580
-28578
-28576
-28574
-28572
-28570
-28568
-28566
-28564
-28562
-28560
-28558
-28588
-28554
-28552
-28550
-12164
-12162
-28544
-28542
-28540
-28538
-28536
-28534
-28532
-28530
-28528
-28526
-28524
-28522
-28520
-28518
-28516
-28514
-28512
-28510
-28508
-28506
-28504
-28502
-28500
-28498
-28496
-28494
-28492
-28490
-28488
-28486
-28484
-28482
-28480
-28478
-28476
-28474
-28440
-28470
-28468
-28466
-28464
-28462
-28460
-28458
-28456
-28454
-28452
-28450
-28448
-28446
-26396
-28442
-28440
-28438
-28436
-28434
-28432
-28430
-28428
-12042
-28424
-28422
-28420
-28418
-28416
-28414
-28412
-28410
-28408
-28406
-28404
-28402
-28400
-28398
-28396
-28394
-28392
-28390
-28388
-28386
-28384
-28382
-28380
-28378
-28376
-27862
-28372
-28370
-28368
-11982
-28364
-28362
-28360
-28614
-28356
-28354
-28352
-28606
-28348
-28346
-28344
-28342
-28340
-28338
-28336
-28334
-28332
-28330
-28328
-28326
-28324
-28322
-28320
-28318
-28316
-28314
-28312
-28310
-28308
-28306
-28304
-28302
-28300
-28298
-28296
-28294
-28292
-28290
-28256
-28286
-28284
-28282
-28280
-28278
-28276
-28274
-28272
-28266
-28268
-28266
-28264
-28262
-28260
-28258
-28256
-28254
-28252
-28250
-28248
-28246
-28244
-28242
-28240
-28238
-28236
-28234
-28232
-28230
-28228
-28226
-28224
-28222
-28220
-28218
-28216
-28214
-28212
-28210
-28208
-28206
-28204
-28202
-28200
-28198
-28196
-28194
-28192
-28190
-28188
-28186
-28184
-28182
-28180
-28178
-28176
-28174
-28172
-28170
-28168
-28166
-28164
-28162
-28160
-28158
-28156
-28154
-28152
-28150
-28148
-28146
-28144
-28142
-28140
-28138
-28136
-28134
-28132
-28130
-28128
-28126
-28124
-28122
-28120
-28118
-28116
-28114
-26064
-28110
-28108
-28106
-28104
-28102
-28100
-28098
-28096
-28094
-28092
-28090
-28088
-28086
-28084
-28082
-28080
-28078
-28076
-28074
-28072
-28070
-28068
-28066
-28064
-28062
-28060
-28058
-28056
-28054
-28052
-28050
-28048
-28046
-28044
-28042
-28040
-28038
-28036
-28034
-28032
-28030
-28028
-28026
-28024
-28022
-28020
-28018
-28016
-28014
-28012
-28010
-28008
-28006
-28004
-28002
-28000
-27998
-27996
-27994
-27992
-27990
-27988
-27986
-27984
-27982
-27980
-27978
-27976
-27974
-27972
-27970
-27968
-27966
-27964
-27962
-19768
-27958
-27956
-27954
-27952
-27950
-27948
-27946
-27944
-27942
-27940
-27938
-27936
-27934
-27932
-27930
-27928
-27926
-27924
-27922
-27920
-27918
-27916
-27914
-27912
-27910
-27908
-27906
-27904
-27902
-27900
-27898
-27896
-27878
-27892
-27890
-27888
-27886
-27884
-27882
-27880
-27878
-27876
-27874
-27872
-27870
-27868
-27866
-27864
-27862
-27860
-27858
-27856
-27854
-28364
-27850
-27848
-27846
-27844
-27842
-27840
-27838
4932
-27834
-27832
-27830
-27828
-27826
-27824
-27822
-27820
-27818
-27816
-27814
-27812
-27810
-27808
-27806
-27804
-27802
-27800
-27798
-27796
-27794
-27792
-27790
-27788
-27786
-27784
-27782
-27780
-27778
-27776
-27774
-27772
-27770
-27768
-27766
-27764
-27762
-27760
-27758
-27756
-27754
-27752
-27750
-27748
-27746
-27744
-27742
-27740
-27738
-27736
-27734
-27732
-27730
-27760
-27726
-27724
-27722
-27720
-27718
-27716
-27714
-27712
-27710
-27708
-27706
-27704
-27702
-27700
-27698
-27696
-27694
-27692
-27690
-27688
-27686
-27684
-27682
-27680
-27678
-27676
-27674
-27672
-27670
-27668
-27666
-27664
-27662
-27660
-27658
-27656
-27654
-27652
-27650
-27648
-27646
-27644
-27642
-27640
-27638
-27636
-27634
-27632
-27630
-27628
-27626
-27624
-27622
-27620
-27618
-27616
-27614
-27612
-27610
-27608
-27606
-27604
-27602
-27600
-27598
-27596
-27594
-27592
-27590
-27588
-27586
-27584
-27582
-27580
-27578
-27576
-27574
-27572
-27570
-27632
-27566
-27564
-27562
-27560
-27526
-27524
-27522
-27520
-27518
-27516
-27514
-27512
-27510
-27508
-27506
-27504
-27502
-27500
-27498
-27496
-27494
-27492
-27490
-27488
-27486
-27484
-27482
-27480
-27478
-27476
-27474
-27472
-27470
-27468
-27466
-27464
-27462
-27460
-27458
-27456
-27454
-27452
-27450
-27448
-27446
-27444
-27442
-27440
-27438
-27436
-27434
-27432
-27430
-27428
-27426
-27424
-27422
-27420
-27418
-27416
-27414
-27412
-27410
-27408
-27406
-27404
-27402
-27400
-27398
-27396
-27394
-27392
-27390
-27388
-26746
-27384
-27382
-27380
-27378
-27376
-27374
-27372
-27370
-27368
-27366
-27364
-27362
-27360
-27358
-27356
-27354
-27352
-27350
-27348
-27346
-27344
-27342
-27340
-27338
-27336
-27334
-27332
-27330
-27328
-27326
-27324
-27322
-27320
-27318
-27316
-27314
-27312
-27310
-27308
-27306
-27304
5466
-27300
-27298
-27296
-27294
-27292
-27290
-27288
-27286
-27284
-27282
-27280
-27278
-27276
-27274
-27272
-27270
-27268
-27266
-27264
-27262
-27260
-27258
-27256
-27254
-27252
-27250
-27248
-27246
-27244
-27242
-27240
-27238
-27236
-27362
-27232
-27230
-27228
-27226
-27224
-26710
-27220
-27218
-27216
-27214
-27212
-27210
-27208
-27206
-27204
-27202
-27200
-27198
-27196
-27194
-27192
-27190
-27188
-27186
-27184
-27182
-27180
-27178
-27176
-27174
-27172
-27170
-27168
-31262
-27164
-27162
-27160
-27158
-27156
-27162
-27160
-27158
-27156
-27154
-27152
-27150
-27148
-27146
-27144
-27142
-27140
-27138
-27136
-27134
-27132
-27130
-27128
-27126
-27124
-27122
-27120
-27118
-27116
-27114
-27112
-25062
-27108
-27106
-27104
-27102
-27100
-27098
-27096
-27094
-27096
-27090
-27088
-27086
-27084
-27082
-27080
-27078
-27076
-27074
-27072
-27070
-27068
-27066
-27064
-27062
-27060
-27058
-27056
-27054
-27052
-27050
-27048
-27046
-27044
-27042
-27040
-27038
-27036
-27034
-27032
-27030
-27028
-27026
-27024
-27022
-27020
-27018
-10632
-27014
-27012
-27010
-27008
-27006
-27004
-27002
-27000
-26998
-26996
-26994
-26992
-26990
-26988
-26986
-26984
-26982
-26980
-26978
-26976
-26974
-26972
-26970
-26968
-26966
-26964
-26962
-26960
-26958
-26956
-26954
-26952
-26950
-26948
-30978
-31040
-31038
-31100
-31034
-31032
-31030
-31028
-31026
-31024
-31022
-31020
-31018
-31016
-31014
-31012
-31010
-31008
-31006
-31004
-31002
-31000
-30998
-30996
-30994
-30992
-30990
-30988
-30986
-30984
-30982
-30980
-30978
-26880
-30974
-30972
-30970
-30968
-30966
-30964
-30962
-30960
-30958
-30956
-30954
-30952
-30950
-30948
-30946
-30944
-30942
-30940
-30938
-30936
-30934
-30932
-30930
-30928
-30926
-30924
-30922
-30920
-30918
-30916
-30914
-30912
-30910
-30908
-30906
-30904
-30902
-30900
-30898
-30896
-30894
-30892
-30890
-30888
-30886
-30884
-30882
-30880
-30878
-31132
-30874
-30872
-30870
-30868
-30866
-22672
-30862
-30860
-30858
-30856
-30854
-30852
-30850
-30848
-30846
-30844
-30842
-30840
-30838
-31348
-30834
-30832
-30830
-30828
-30826
-30824
-30822
-30820
-31330
-30816
-30814
-30812
-30810
-30808
-30806
-30804
-30802
-30800
-30798
-30796
-30794
-30792
-30790
-30788
-30786
-30784
-30782
-30780
-30778
-30776
-30774
-30772
-30770
-31024
-30766
-30764
-30762
-30760
-30758
-30756
-30754
-30752
-30750
-30748
-30746
-30744
-30742
-30740
-30738
-30736
-30734
-30732
-30730
-30728
-30726
-30724
-30722
-30720
-30718
-30716
-30714
-30712
-30710
-30708
-30706
-30704
-30702
-30700
-30698
-30696
-30694
-30692
-30690
-30688
-30686
-30684
-30682
-30680
-30678
-30676
-30674
-30672
-30670
-22476
-30666
-30663
-30662
-30660
-30658
-30656
-30654
-30652
-30650
-30648
-30646
-30644
-30642
-30640
-30638
-30636
-30634
-30632
-30630
-30628
-30626
-30624
-30622
-30620
-30618
-30616
-30614
-30612
-30610
-30608
-30606
-30604
-30602
-30600
-30598
-30596
-30594
-30592
-30590
-30588
-30586
-30584
-30590
-30580
-30578
-30576
-30574
-30572
-30570
-30568
-30566
-30564
-30562
-30560
-30558
-30556
-30554
-30552
-30582
-30548
-30546
-30544
-30542
-30540
-30538
-30536
-30534
-30532
-30530
-30528
-30526
-29500
-30522
-30520
-30518
-30516
-30514
-30512
-30510
-30508
-30506
-30504
-30502
-30500
-30498
-30496
-30494
-30492
-30490
-30488
-30486
-30484
-30482
-30480
-30478
-30476
-30474
-30472
-30470
-30468
-30466
-30464
-30462
-30460
-30458
-30456
-30454
-30452
-30450
-30448
-30446
-30444
-30442
-30440
-30438
-30436
-30434
-30432
-30430
-30428
-30426
-30424
-30422
-30404
-30418
-30416
-30414
-30412
-30410
-30408
-30406
-30404
-30402
-30400
-30398
-30396
-30394
-30392
-30390
-30388
-30386
-30384
-30382
-30380
-30378
-30376
-30374
-30372
-30370
-30368
-30366
-30364
-30362
-30360
-30358
-30356
-30354
-30352
-30350
-30348
-30346
-30344
-30598
-30340
-30338
-30336
-30334
-30332
-30330
-30328
-30326
-30324
-30322
-30320
-30318
-30316
-30314
-30312
-30310
-30308
-30306
-30304
-30302
-30300
-30298
-30296
-30294
-30292
-30290
-30288
-30286
-30284
-30282
-30280
-30278
-30276
-30274
-30272
-30270
-30268
-30266
-30264
-30262
-30260
-30258
-30256
-30254
-30252
-30250
-30248
-30246
-30244
-30242
-30240
-30238
-30236
-30234
-30232
-30230
-30228
-30226
-30224
-30222
-30220
-30218
-30216
-30214
-30212
-30210
-30208
-22014
-30204
-30202
-30200
-30198
-30196
-30194
-30192
-30190
-30188
-30186
-30184
-30182
-30180
-30178
-30176
-30174
-30172
-30170
-30168
-30166
-30164
-30162
-30160
-30158
-30156
-30154
-30152
-30150
-30148
-30146
-30144
-30142
-30140
-30138
-30136
-30134
-30132
-30130
-30128
-30126
-30124
-30122
-30120
-30118
-30116
-30114
-30112
-30110
-30108
-30106
-30104
-30102
-30100
-30098
-32144
-32142
-32140
-32138
-32136
-32134
-32132
-32130
-32128
-32126
-32124
-32122
-32120
-32118
-32116
-32114
-32112
-32110
-32108
-32106
-32104
-28006
-32100
-32098
-32096
-32094
-31836
-32090
-32216
-32086
-32084
-32082
-32080
-32078
-32076
-32074
-32072
-32070
-32068
-32066
-32064
-32062
-32060
-32058
-32056
-32022
-32052
-32050
-32048
-32046
-15660
-32042
-32040
-32038
-32036
-32034
-32032
-32030
-32028
-32026
-32024
-32022
-32020
-32018
-32016
-29966
-32012
-32010
-32008
-32006
-32004
-32002
-32512
-31998
-31996
-31994
-31992
-31986
-31988
-31986
-31952
-31982
-31980
-31978
-31976
-31974
-31972
-31970
-31968
-31966
-31964
-31962
-31960
-31958
-31956
-31954
-31952
-31950
-31948
-31946
-31944
-31942
-31940
-31938
-31936
-31934
-31932
-31930
-31928
-31926
-31924
-31922
-31920
-29870
-29868
-29866
-29864
-29862
-29860
-29858
-29856
-29854
-29852
-29850
-29848
-29846
-29844
-29826
-29840
-29838
-29836
-29834
-29832
-29830
-29828
-29826
-29824
-29822
-29820
-29818
-29816
-29814
-29812
-29810
-29808
-29806
-29804
-29802
-29800
-29798
-29796
-29794
-29792
-29790
-29788
-29786
-29784
-29782
-29780
-25682
-29776
-29774
-29772
-29770
-29768
-29766
-29764
-29762
-29760
-29758
-29756
-29754
-29752
-29750
-29748
-29746
-29744
-29742
-29740
-29738
-29736
-29734
-29732
-25634
-29728
-29726
-29724
-29722
-29720
-29718
-29716
-29714
-29712
-29710
-29708
-29706
-29704
-29702
-29700
-29698
-29568
-29694
-29692
-29562
-29688
-29686
-29684
-29682
-29680
-29678
-13292
-29674
-29672
-29670
-29668
-29666
-29664
-29662
-29660
-29658
-29656
-29654
-29652
-29650
-29648
-29646
-29644
-29642
-29640
-29638
-29636
-29634
-29632
-29630
-29628
-29626
-29624
-29622
-29620
-29618
-29616
-29614
-29612
-29610
-29608
-29606
-29604
-29602
-29600
3170
-29596
-29594
-29592
-29590
-29588
-29586
-29584
-29582
-29580
-29578
-29576
-29574
-29572
-29570
-29568
-29566
-29564
-29562
-29560
-29558
-29556
-29554
-29552
-29550
-29548
-29546
-29544
-29542
-29540
-29538
-29536
-29534
-29532
-29530
-29528
-29526
-29524
-29522
-29520
-29518
-29516
-29514
-21320
-29510
-29508
-29506
-29504
-29502
-29500
-29498
-29496
-29494
-29492
-29490
-29488
-29486
-29484
-29482
-30504
-29478
-29476
-29474
-29472
-29470
-29468
-29466
-29472
-29462
-29460
-29458
-29456
-29454
-29452
-29450
-29448
-29446
-29444
-29442
-29440
-29438
-29436
-29434
-29432
-29430
-29428
-29426
-29424
-29422
-29420
-29418
-29416
-29414
-29412
-29410
-29408
-29406
-29404
-29402
-29400
-29398
-29396
-29394
-29392
-29390
-29388
-29386
-29384
-29382
-29380
-29378
-29376
-29374
-29372
-25274
-29368
-29366
-29364
-29362
-29360
-29358
-29356
-29354
-29352
-29350
-29348
-29346
-31392
-29342
-29340
-29338
-29336
-29334
-29332
-29330
-29328
-29326
-29324
-29322
-29320
-29318
-29316
-29314
-29312
-29310
-29308
-29306
-29304
-29302
-29300
-29298
-29296
-29294
-29292
-29290
-29288
-29286
-29284
-29282
-29280
-29278
-29276
-29274
-29272
-29270
-29268
-29266
